0
-1  0  0       45.3 nm
 0 -1  0      453.4 nm
 0  0 -1       78.9 nm
 0  0  1       78.9 nm
 0  1  0      453.4 nm
 1  0  0       45.3 nm

1
-1  0  0       52.3 nm
 0 -1  0      401.7 nm
 0  0 -1       87.0 nm
 0  0  1       87.0 nm
 0  1  0      401.7 nm
 1  0  0       52.3 nm

2
-1  0  0       62.4 nm
 0 -1  0      250.9 nm
 0  0 -1       91.6 nm
 0  0  1       91.6 nm
 0  1  0      250.9 nm
 1  0  0       62.4 nm

3
-1  0  0       72.4 nm
 0 -1  0      167.0 nm
 0  0 -1       95.5 nm
 0  0  1       95.5 nm
 0  1  0      167.0 nm
 1  0  0       72.4 nm

4
-1  0  0       81.5 nm
 0 -1  0      124.0 nm
 0  0 -1      105.1 nm
 0  0  1      105.1 nm
 0  1  0      124.0 nm
 1  0  0       81.5 nm

5
-1  0  0       87.2 nm
 0 -1  0      101.9 nm
 0  0 -1      113.3 nm
 0  0  1      113.3 nm
 0  1  0      101.9 nm
 1  0  0       87.2 nm

6
-1  0  0       89.5 nm
 0 -1  0       90.8 nm
 0  0 -1      122.5 nm
 0  0  1      122.5 nm
 0  1  0       90.8 nm
 1  0  0       89.5 nm

7
-1  0  0       87.5 nm
 0 -1  0       87.4 nm
 0  0 -1      124.4 nm
 0  0  1      124.4 nm
 0  1  0       87.4 nm
 1  0  0       87.5 nm

8
-1  0  0       87.5 nm
 0 -1  0       84.5 nm
 0  0 -1      125.7 nm
 0  0  1      125.7 nm
 0  1  0       84.5 nm
 1  0  0       87.5 nm

9
-1  0  0       85.5 nm
 0 -1  0       82.1 nm
 0  0 -1      128.4 nm
 0  0  1      128.4 nm
 0  1  0       82.1 nm
 1  0  0       85.5 nm

10
-1  0  0       84.8 nm
 0 -1  0       79.0 nm
 0  0 -1      127.7 nm
 0  0  1      127.7 nm
 0  1  0       79.0 nm
 1  0  0       84.8 nm

11
-1  0  0       83.8 nm
 0 -1  0       78.0 nm
 0  0 -1      132.3 nm
 0  0  1      132.3 nm
 0  1  0       78.0 nm
 1  0  0       83.8 nm

12
-1  0  0       86.5 nm
 0 -1  0       75.0 nm
 0  0 -1      133.0 nm
 0  0  1      133.0 nm
 0  1  0       75.0 nm
 1  0  0       86.5 nm

13
-1  0  0       86.5 nm
 0 -1  0       75.0 nm
 0  0 -1      132.3 nm
 0  0  1      132.3 nm
 0  1  0       75.0 nm
 1  0  0       86.5 nm

14
-1  0  0       86.5 nm
 0 -1  0       69.1 nm
 0  0 -1      139.5 nm
 0  0  1      139.5 nm
 0  1  0       69.1 nm
 1  0  0       86.5 nm

15
-1  0  0       88.5 nm
 0 -1  0       68.1 nm
 0  0 -1      138.9 nm
 0  0  1      138.9 nm
 0  1  0       68.1 nm
 1  0  0       88.5 nm

16
-1  0  0       88.5 nm
 0 -1  0       66.1 nm
 0  0 -1      143.5 nm
 0  0  1      143.5 nm
 0  1  0       66.1 nm
 1  0  0       88.5 nm

17
-1  0  0       90.5 nm
 0 -1  0       63.2 nm
 0  0 -1      147.4 nm
 0  0  1      147.4 nm
 0  1  0       63.2 nm
 1  0  0       90.5 nm

18
-1  0  0       92.9 nm
 0 -1  0       64.1 nm
 0  0 -1      144.1 nm
 0  0  1      144.1 nm
 0  1  0       64.1 nm
 1  0  0       92.9 nm

19
-1  0  0       93.5 nm
 0 -1  0       61.2 nm
 0  0 -1      146.8 nm
 0  0  1      146.8 nm
 0  1  0       61.2 nm
 1  0  0       93.5 nm

20
-1  0  0       94.5 nm
 0 -1  0       60.2 nm
 0  0 -1      148.1 nm
 0  0  1      148.1 nm
 0  1  0       60.2 nm
 1  0  0       94.5 nm

21
-1  0  0       93.5 nm
 0 -1  0       61.2 nm
 0  0 -1      150.7 nm
 0  0  1      150.7 nm
 0  1  0       61.2 nm
 1  0  0       93.5 nm

22
-1  0  0       95.5 nm
 0 -1  0       60.2 nm
 0  0 -1      150.7 nm
 0  0  1      150.7 nm
 0  1  0       60.2 nm
 1  0  0       95.5 nm

23
-1  0  0       95.5 nm
 0 -1  0       62.2 nm
 0  0 -1      150.7 nm
 0  0  1      150.7 nm
 0  1  0       62.2 nm
 1  0  0       95.5 nm

24
-1  0  0       97.5 nm
 0 -1  0       59.2 nm
 0  0 -1      153.3 nm
 0  0  1      153.3 nm
 0  1  0       59.2 nm
 1  0  0       97.5 nm

25
-1  0  0       97.5 nm
 0 -1  0       59.2 nm
 0  0 -1      152.0 nm
 0  0  1      152.0 nm
 0  1  0       59.2 nm
 1  0  0       97.5 nm

26
-1  0  0       95.5 nm
 0 -1  0       58.2 nm
 0  0 -1      156.0 nm
 0  0  1      156.0 nm
 0  1  0       58.2 nm
 1  0  0       95.5 nm

27
-1  0  0       98.5 nm
 0 -1  0       58.2 nm
 0  0 -1      152.0 nm
 0  0  1      152.0 nm
 0  1  0       58.2 nm
 1  0  0       98.5 nm

28
-1  0  0       98.5 nm
 0 -1  0       58.2 nm
 0  0 -1      156.6 nm
 0  0  1      156.6 nm
 0  1  0       58.2 nm
 1  0  0       98.5 nm

29
-1  0  0       98.9 nm
 0 -1  0       58.2 nm
 0  0 -1      154.7 nm
 0  0  1      154.7 nm
 0  1  0       58.2 nm
 1  0  0       98.9 nm

30
-1  0  0       98.5 nm
 0 -1  0       59.2 nm
 0  0 -1      153.3 nm
 0  0  1      153.3 nm
 0  1  0       59.2 nm
 1  0  0       98.5 nm

31
-1  0  0       99.5 nm
 0 -1  0       58.2 nm
 0  0 -1      157.3 nm
 0  0  1      157.3 nm
 0  1  0       58.2 nm
 1  0  0       99.5 nm

32
-1  0  0      100.5 nm
 0 -1  0       56.3 nm
 0  0 -1      154.0 nm
 0  0  1      154.0 nm
 0  1  0       56.3 nm
 1  0  0      100.5 nm

33
-1  0  0      100.5 nm
 0 -1  0       56.3 nm
 0  0 -1      154.7 nm
 0  0  1      154.7 nm
 0  1  0       56.3 nm
 1  0  0      100.5 nm

34
-1  0  0      101.5 nm
 0 -1  0       56.3 nm
 0  0 -1      156.4 nm
 0  0  1      156.4 nm
 0  1  0       56.3 nm
 1  0  0      101.5 nm

35
-1  0  0      100.5 nm
 0 -1  0       56.3 nm
 0  0 -1      157.3 nm
 0  0  1      157.3 nm
 0  1  0       56.3 nm
 1  0  0      100.5 nm

36
-1  0  0      100.5 nm
 0 -1  0       57.2 nm
 0  0 -1      155.3 nm
 0  0  1      155.3 nm
 0  1  0       57.2 nm
 1  0  0      100.5 nm

37
-1  0  0       99.5 nm
 0 -1  0       57.2 nm
 0  0 -1      156.0 nm
 0  0  1      156.0 nm
 0  1  0       57.2 nm
 1  0  0       99.5 nm

38
-1  0  0      102.3 nm
 0 -1  0       58.2 nm
 0  0 -1      156.6 nm
 0  0  1      156.6 nm
 0  1  0       58.2 nm
 1  0  0      102.3 nm

39
-1  0  0      102.5 nm
 0 -1  0       56.3 nm
 0  0 -1      156.6 nm
 0  0  1      156.6 nm
 0  1  0       56.3 nm
 1  0  0      102.5 nm

