0
-1  0  0       88.5 nm
 0 -1  0      125.3 nm
 0  0 -1       98.1 nm
 0  0  1       98.1 nm
 0  1  0      125.3 nm
 1  0  0       88.5 nm

1
-1  0  0       89.5 nm
 0 -1  0      123.4 nm
 0  0 -1       98.1 nm
 0  0  1       98.1 nm
 0  1  0      123.4 nm
 1  0  0       89.5 nm

2
-1  0  0       90.5 nm
 0 -1  0      121.4 nm
 0  0 -1       98.8 nm
 0  0  1       98.8 nm
 0  1  0      121.4 nm
 1  0  0       90.5 nm

3
-1  0  0       91.9 nm
 0 -1  0      117.4 nm
 0  0 -1      100.1 nm
 0  0  1      100.1 nm
 0  1  0      117.4 nm
 1  0  0       91.9 nm

4
-1  0  0       94.9 nm
 0 -1  0      107.6 nm
 0  0 -1      105.0 nm
 0  0  1      105.0 nm
 0  1  0      107.6 nm
 1  0  0       94.9 nm

5
-1  0  0       98.4 nm
 0 -1  0       93.8 nm
 0  0 -1      111.8 nm
 0  0  1      111.8 nm
 0  1  0       93.8 nm
 1  0  0       98.4 nm

6
-1  0  0      101.8 nm
 0 -1  0       80.9 nm
 0  0 -1      119.5 nm
 0  0  1      119.5 nm
 0  1  0       80.9 nm
 1  0  0      101.8 nm

7
-1  0  0      104.5 nm
 0 -1  0       72.3 nm
 0  0 -1      126.2 nm
 0  0  1      126.2 nm
 0  1  0       72.3 nm
 1  0  0      104.5 nm

8
-1  0  0      105.4 nm
 0 -1  0       69.7 nm
 0  0 -1      130.8 nm
 0  0  1      130.8 nm
 0  1  0       69.7 nm
 1  0  0      105.4 nm

9
-1  0  0      105.7 nm
 0 -1  0       67.1 nm
 0  0 -1      132.6 nm
 0  0  1      132.6 nm
 0  1  0       67.1 nm
 1  0  0      105.7 nm

10
-1  0  0      105.5 nm
 0 -1  0       66.7 nm
 0  0 -1      136.3 nm
 0  0  1      136.3 nm
 0  1  0       66.7 nm
 1  0  0      105.5 nm

11
-1  0  0      105.5 nm
 0 -1  0       65.7 nm
 0  0 -1      136.7 nm
 0  0  1      136.7 nm
 0  1  0       65.7 nm
 1  0  0      105.5 nm

12
-1  0  0      106.4 nm
 0 -1  0       64.1 nm
 0  0 -1      137.1 nm
 0  0  1      137.1 nm
 0  1  0       64.1 nm
 1  0  0      106.4 nm

13
-1  0  0      106.5 nm
 0 -1  0       62.8 nm
 0  0 -1      138.5 nm
 0  0  1      138.5 nm
 0  1  0       62.8 nm
 1  0  0      106.5 nm

14
-1  0  0      106.5 nm
 0 -1  0       62.8 nm
 0  0 -1      139.2 nm
 0  0  1      139.2 nm
 0  1  0       62.8 nm
 1  0  0      106.5 nm

15
-1  0  0      106.4 nm
 0 -1  0       61.4 nm
 0  0 -1      140.1 nm
 0  0  1      140.1 nm
 0  1  0       61.4 nm
 1  0  0      106.4 nm

16
-1  0  0      106.5 nm
 0 -1  0       61.2 nm
 0  0 -1      140.9 nm
 0  0  1      140.9 nm
 0  1  0       61.2 nm
 1  0  0      106.5 nm

17
-1  0  0      107.1 nm
 0 -1  0       59.8 nm
 0  0 -1      141.1 nm
 0  0  1      141.1 nm
 0  1  0       59.8 nm
 1  0  0      107.1 nm

18
-1  0  0      107.4 nm
 0 -1  0       59.8 nm
 0  0 -1      140.8 nm
 0  0  1      140.8 nm
 0  1  0       59.8 nm
 1  0  0      107.4 nm

19
-1  0  0      107.1 nm
 0 -1  0       59.2 nm
 0  0 -1      141.6 nm
 0  0  1      141.6 nm
 0  1  0       59.2 nm
 1  0  0      107.1 nm

20
-1  0  0      107.5 nm
 0 -1  0       59.4 nm
 0  0 -1      141.0 nm
 0  0  1      141.0 nm
 0  1  0       59.4 nm
 1  0  0      107.5 nm

21
-1  0  0      107.1 nm
 0 -1  0       59.2 nm
 0  0 -1      143.3 nm
 0  0  1      143.3 nm
 0  1  0       59.2 nm
 1  0  0      107.1 nm

22
-1  0  0      108.5 nm
 0 -1  0       58.8 nm
 0  0 -1      142.2 nm
 0  0  1      142.2 nm
 0  1  0       58.8 nm
 1  0  0      108.5 nm

23
-1  0  0      108.5 nm
 0 -1  0       58.8 nm
 0  0 -1      143.4 nm
 0  0  1      143.4 nm
 0  1  0       58.8 nm
 1  0  0      108.5 nm

24
-1  0  0      108.3 nm
 0 -1  0       58.8 nm
 0  0 -1      143.5 nm
 0  0  1      143.5 nm
 0  1  0       58.8 nm
 1  0  0      108.3 nm

25
-1  0  0      109.3 nm
 0 -1  0       58.8 nm
 0  0 -1      142.1 nm
 0  0  1      142.1 nm
 0  1  0       58.8 nm
 1  0  0      109.3 nm

26
-1  0  0      108.6 nm
 0 -1  0       59.4 nm
 0  0 -1      143.8 nm
 0  0  1      143.8 nm
 0  1  0       59.4 nm
 1  0  0      108.6 nm

27
-1  0  0      108.5 nm
 0 -1  0       57.8 nm
 0  0 -1      144.9 nm
 0  0  1      144.9 nm
 0  1  0       57.8 nm
 1  0  0      108.5 nm

28
-1  0  0      110.3 nm
 0 -1  0       58.8 nm
 0  0 -1      144.7 nm
 0  0  1      144.7 nm
 0  1  0       58.8 nm
 1  0  0      110.3 nm

29
-1  0  0      110.2 nm
 0 -1  0       58.8 nm
 0  0 -1      145.7 nm
 0  0  1      145.7 nm
 0  1  0       58.8 nm
 1  0  0      110.2 nm

30
-1  0  0      109.8 nm
 0 -1  0       58.8 nm
 0  0 -1      146.0 nm
 0  0  1      146.0 nm
 0  1  0       58.8 nm
 1  0  0      109.8 nm

31
-1  0  0      110.2 nm
 0 -1  0       58.4 nm
 0  0 -1      146.5 nm
 0  0  1      146.5 nm
 0  1  0       58.4 nm
 1  0  0      110.2 nm

32
-1  0  0      110.6 nm
 0 -1  0       58.8 nm
 0  0 -1      146.2 nm
 0  0  1      146.2 nm
 0  1  0       58.8 nm
 1  0  0      110.6 nm

33
-1  0  0      111.4 nm
 0 -1  0       58.8 nm
 0  0 -1      146.5 nm
 0  0  1      146.5 nm
 0  1  0       58.8 nm
 1  0  0      111.4 nm

34
-1  0  0      111.5 nm
 0 -1  0       57.8 nm
 0  0 -1      146.6 nm
 0  0  1      146.6 nm
 0  1  0       57.8 nm
 1  0  0      111.5 nm

35
-1  0  0      111.2 nm
 0 -1  0       58.8 nm
 0  0 -1      147.7 nm
 0  0  1      147.7 nm
 0  1  0       58.8 nm
 1  0  0      111.2 nm

36
-1  0  0      111.4 nm
 0 -1  0       59.2 nm
 0  0 -1      146.0 nm
 0  0  1      146.0 nm
 0  1  0       59.2 nm
 1  0  0      111.4 nm

37
-1  0  0      112.5 nm
 0 -1  0       58.8 nm
 0  0 -1      146.0 nm
 0  0  1      146.0 nm
 0  1  0       58.8 nm
 1  0  0      112.5 nm

38
-1  0  0      112.2 nm
 0 -1  0       58.6 nm
 0  0 -1      148.5 nm
 0  0  1      148.5 nm
 0  1  0       58.6 nm
 1  0  0      112.2 nm

39
-1  0  0      112.2 nm
 0 -1  0       59.4 nm
 0  0 -1      148.1 nm
 0  0  1      148.1 nm
 0  1  0       59.4 nm
 1  0  0      112.2 nm

