0
-1  0  0       90.5 nm
 0 -1  0      121.4 nm
 0  0 -1      104.6 nm
 0  0  1      104.6 nm
 0  1  0      121.4 nm
 1  0  0       90.5 nm

1
-1  0  0       91.5 nm
 0 -1  0      121.4 nm
 0  0 -1      104.6 nm
 0  0  1      104.6 nm
 0  1  0      121.4 nm
 1  0  0       91.5 nm

2
-1  0  0       90.5 nm
 0 -1  0      120.4 nm
 0  0 -1      105.4 nm
 0  0  1      105.4 nm
 0  1  0      120.4 nm
 1  0  0       90.5 nm

3
-1  0  0       92.5 nm
 0 -1  0      115.5 nm
 0  0 -1      106.5 nm
 0  0  1      106.5 nm
 0  1  0      115.5 nm
 1  0  0       92.5 nm

4
-1  0  0       93.5 nm
 0 -1  0      109.5 nm
 0  0 -1      109.3 nm
 0  0  1      109.3 nm
 0  1  0      109.5 nm
 1  0  0       93.5 nm

5
-1  0  0       96.4 nm
 0 -1  0       94.7 nm
 0  0 -1      115.9 nm
 0  0  1      115.9 nm
 0  1  0       94.7 nm
 1  0  0       96.4 nm

6
-1  0  0       98.8 nm
 0 -1  0       80.9 nm
 0  0 -1      123.5 nm
 0  0  1      123.5 nm
 0  1  0       80.9 nm
 1  0  0       98.8 nm

7
-1  0  0      100.5 nm
 0 -1  0       70.3 nm
 0  0 -1      132.1 nm
 0  0  1      132.1 nm
 0  1  0       70.3 nm
 1  0  0      100.5 nm

8
-1  0  0      103.3 nm
 0 -1  0       65.7 nm
 0  0 -1      139.4 nm
 0  0  1      139.4 nm
 0  1  0       65.7 nm
 1  0  0      103.3 nm

9
-1  0  0      104.0 nm
 0 -1  0       62.4 nm
 0  0 -1      144.0 nm
 0  0  1      144.0 nm
 0  1  0       62.4 nm
 1  0  0      104.0 nm

10
-1  0  0      104.4 nm
 0 -1  0       61.8 nm
 0  0 -1      146.0 nm
 0  0  1      146.0 nm
 0  1  0       61.8 nm
 1  0  0      104.4 nm

11
-1  0  0      104.7 nm
 0 -1  0       59.4 nm
 0  0 -1      148.4 nm
 0  0  1      148.4 nm
 0  1  0       59.4 nm
 1  0  0      104.7 nm

12
-1  0  0      104.4 nm
 0 -1  0       58.8 nm
 0  0 -1      150.6 nm
 0  0  1      150.6 nm
 0  1  0       58.8 nm
 1  0  0      104.4 nm

13
-1  0  0      103.8 nm
 0 -1  0       58.4 nm
 0  0 -1      152.2 nm
 0  0  1      152.2 nm
 0  1  0       58.4 nm
 1  0  0      103.8 nm

14
-1  0  0      105.0 nm
 0 -1  0       57.4 nm
 0  0 -1      152.4 nm
 0  0  1      152.4 nm
 0  1  0       57.4 nm
 1  0  0      105.0 nm

15
-1  0  0      104.4 nm
 0 -1  0       56.9 nm
 0  0 -1      154.2 nm
 0  0  1      154.2 nm
 0  1  0       56.9 nm
 1  0  0      104.4 nm

16
-1  0  0      104.4 nm
 0 -1  0       56.6 nm
 0  0 -1      152.3 nm
 0  0  1      152.3 nm
 0  1  0       56.6 nm
 1  0  0      104.4 nm

17
-1  0  0      105.0 nm
 0 -1  0       56.9 nm
 0  0 -1      153.6 nm
 0  0  1      153.6 nm
 0  1  0       56.9 nm
 1  0  0      105.0 nm

18
-1  0  0      104.3 nm
 0 -1  0       56.9 nm
 0  0 -1      155.5 nm
 0  0  1      155.5 nm
 0  1  0       56.9 nm
 1  0  0      104.3 nm

19
-1  0  0      105.4 nm
 0 -1  0       55.9 nm
 0  0 -1      154.7 nm
 0  0  1      154.7 nm
 0  1  0       55.9 nm
 1  0  0      105.4 nm

20
-1  0  0      105.4 nm
 0 -1  0       56.3 nm
 0  0 -1      155.4 nm
 0  0  1      155.4 nm
 0  1  0       56.3 nm
 1  0  0      105.4 nm

21
-1  0  0      105.0 nm
 0 -1  0       56.5 nm
 0  0 -1      155.9 nm
 0  0  1      155.9 nm
 0  1  0       56.5 nm
 1  0  0      105.0 nm

22
-1  0  0      105.4 nm
 0 -1  0       55.3 nm
 0  0 -1      156.0 nm
 0  0  1      156.0 nm
 0  1  0       55.3 nm
 1  0  0      105.4 nm

23
-1  0  0      105.4 nm
 0 -1  0       55.9 nm
 0  0 -1      155.9 nm
 0  0  1      155.9 nm
 0  1  0       55.9 nm
 1  0  0      105.4 nm

24
-1  0  0      105.9 nm
 0 -1  0       55.3 nm
 0  0 -1      157.8 nm
 0  0  1      157.8 nm
 0  1  0       55.3 nm
 1  0  0      105.9 nm

25
-1  0  0      106.0 nm
 0 -1  0       55.9 nm
 0  0 -1      157.1 nm
 0  0  1      157.1 nm
 0  1  0       55.9 nm
 1  0  0      106.0 nm

26
-1  0  0      106.0 nm
 0 -1  0       56.3 nm
 0  0 -1      157.5 nm
 0  0  1      157.5 nm
 0  1  0       56.3 nm
 1  0  0      106.0 nm

27
-1  0  0      107.1 nm
 0 -1  0       55.7 nm
 0  0 -1      157.3 nm
 0  0  1      157.3 nm
 0  1  0       55.7 nm
 1  0  0      107.1 nm

28
-1  0  0      107.1 nm
 0 -1  0       55.5 nm
 0  0 -1      158.2 nm
 0  0  1      158.2 nm
 0  1  0       55.5 nm
 1  0  0      107.1 nm

29
-1  0  0      106.4 nm
 0 -1  0       55.9 nm
 0  0 -1      158.4 nm
 0  0  1      158.4 nm
 0  1  0       55.9 nm
 1  0  0      106.4 nm

30
-1  0  0      107.5 nm
 0 -1  0       55.9 nm
 0  0 -1      158.6 nm
 0  0  1      158.6 nm
 0  1  0       55.9 nm
 1  0  0      107.5 nm

31
-1  0  0      107.5 nm
 0 -1  0       56.5 nm
 0  0 -1      159.2 nm
 0  0  1      159.2 nm
 0  1  0       56.5 nm
 1  0  0      107.5 nm

32
-1  0  0      107.4 nm
 0 -1  0       56.9 nm
 0  0 -1      159.7 nm
 0  0  1      159.7 nm
 0  1  0       56.9 nm
 1  0  0      107.4 nm

33
-1  0  0      108.1 nm
 0 -1  0       55.5 nm
 0  0 -1      160.3 nm
 0  0  1      160.3 nm
 0  1  0       55.5 nm
 1  0  0      108.1 nm

34
-1  0  0      108.4 nm
 0 -1  0       55.5 nm
 0  0 -1      159.8 nm
 0  0  1      159.8 nm
 0  1  0       55.5 nm
 1  0  0      108.4 nm

35
-1  0  0      108.1 nm
 0 -1  0       56.3 nm
 0  0 -1      158.9 nm
 0  0  1      158.9 nm
 0  1  0       56.3 nm
 1  0  0      108.1 nm

36
-1  0  0      109.3 nm
 0 -1  0       55.9 nm
 0  0 -1      160.0 nm
 0  0  1      160.0 nm
 0  1  0       55.9 nm
 1  0  0      109.3 nm

37
-1  0  0      109.4 nm
 0 -1  0       56.3 nm
 0  0 -1      160.3 nm
 0  0  1      160.3 nm
 0  1  0       56.3 nm
 1  0  0      109.4 nm

38
-1  0  0      109.3 nm
 0 -1  0       55.5 nm
 0  0 -1      160.5 nm
 0  0  1      160.5 nm
 0  1  0       55.5 nm
 1  0  0      109.3 nm

39
-1  0  0      109.2 nm
 0 -1  0       56.3 nm
 0  0 -1      160.5 nm
 0  0  1      160.5 nm
 0  1  0       56.3 nm
 1  0  0      109.2 nm

