0
-1  0  0       93.5 nm
 0 -1  0      116.5 nm
 0  0 -1      114.4 nm
 0  0  1      114.4 nm
 0  1  0      116.5 nm
 1  0  0       93.5 nm

1
-1  0  0       93.4 nm
 0 -1  0      116.5 nm
 0  0 -1      113.8 nm
 0  0  1      113.8 nm
 0  1  0      116.5 nm
 1  0  0       93.4 nm

2
-1  0  0       92.9 nm
 0 -1  0      115.5 nm
 0  0 -1      114.4 nm
 0  0  1      114.4 nm
 0  1  0      115.5 nm
 1  0  0       92.9 nm

3
-1  0  0       94.8 nm
 0 -1  0      112.5 nm
 0  0 -1      115.2 nm
 0  0  1      115.2 nm
 0  1  0      112.5 nm
 1  0  0       94.8 nm

4
-1  0  0       94.6 nm
 0 -1  0      107.6 nm
 0  0 -1      116.0 nm
 0  0  1      116.0 nm
 0  1  0      107.6 nm
 1  0  0       94.6 nm

5
-1  0  0       95.4 nm
 0 -1  0       97.3 nm
 0  0 -1      119.6 nm
 0  0  1      119.6 nm
 0  1  0       97.3 nm
 1  0  0       95.4 nm

6
-1  0  0       96.4 nm
 0 -1  0       82.9 nm
 0  0 -1      126.7 nm
 0  0  1      126.7 nm
 0  1  0       82.9 nm
 1  0  0       96.4 nm

7
-1  0  0       98.4 nm
 0 -1  0       69.7 nm
 0  0 -1      139.0 nm
 0  0  1      139.0 nm
 0  1  0       69.7 nm
 1  0  0       98.4 nm

8
-1  0  0      100.7 nm
 0 -1  0       62.8 nm
 0  0 -1      145.2 nm
 0  0  1      145.2 nm
 0  1  0       62.8 nm
 1  0  0      100.7 nm

9
-1  0  0      102.7 nm
 0 -1  0       58.4 nm
 0  0 -1      151.9 nm
 0  0  1      151.9 nm
 0  1  0       58.4 nm
 1  0  0      102.7 nm

10
-1  0  0      102.1 nm
 0 -1  0       56.5 nm
 0  0 -1      156.2 nm
 0  0  1      156.2 nm
 0  1  0       56.5 nm
 1  0  0      102.1 nm

11
-1  0  0      101.3 nm
 0 -1  0       54.9 nm
 0  0 -1      158.5 nm
 0  0  1      158.5 nm
 0  1  0       54.9 nm
 1  0  0      101.3 nm

12
-1  0  0      100.9 nm
 0 -1  0       54.5 nm
 0  0 -1      161.1 nm
 0  0  1      161.1 nm
 0  1  0       54.5 nm
 1  0  0      100.9 nm

13
-1  0  0      101.0 nm
 0 -1  0       53.5 nm
 0  0 -1      163.1 nm
 0  0  1      163.1 nm
 0  1  0       53.5 nm
 1  0  0      101.0 nm

14
-1  0  0      100.4 nm
 0 -1  0       52.5 nm
 0  0 -1      163.9 nm
 0  0  1      163.9 nm
 0  1  0       52.5 nm
 1  0  0      100.4 nm

15
-1  0  0      100.3 nm
 0 -1  0       52.5 nm
 0  0 -1      165.3 nm
 0  0  1      165.3 nm
 0  1  0       52.5 nm
 1  0  0      100.3 nm

16
-1  0  0      100.1 nm
 0 -1  0       52.5 nm
 0  0 -1      166.4 nm
 0  0  1      166.4 nm
 0  1  0       52.5 nm
 1  0  0      100.1 nm

17
-1  0  0      100.4 nm
 0 -1  0       52.5 nm
 0  0 -1      165.9 nm
 0  0  1      165.9 nm
 0  1  0       52.5 nm
 1  0  0      100.4 nm

18
-1  0  0      100.4 nm
 0 -1  0       52.5 nm
 0  0 -1      167.3 nm
 0  0  1      167.3 nm
 0  1  0       52.5 nm
 1  0  0      100.4 nm

19
-1  0  0      100.7 nm
 0 -1  0       51.9 nm
 0  0 -1      167.9 nm
 0  0  1      167.9 nm
 0  1  0       51.9 nm
 1  0  0      100.7 nm

20
-1  0  0      100.9 nm
 0 -1  0       52.5 nm
 0  0 -1      168.3 nm
 0  0  1      168.3 nm
 0  1  0       52.5 nm
 1  0  0      100.9 nm

21
-1  0  0      100.9 nm
 0 -1  0       51.9 nm
 0  0 -1      169.7 nm
 0  0  1      169.7 nm
 0  1  0       51.9 nm
 1  0  0      100.9 nm

22
-1  0  0      101.4 nm
 0 -1  0       52.5 nm
 0  0 -1      168.5 nm
 0  0  1      168.5 nm
 0  1  0       52.5 nm
 1  0  0      101.4 nm

23
-1  0  0      102.7 nm
 0 -1  0       52.5 nm
 0  0 -1      169.7 nm
 0  0  1      169.7 nm
 0  1  0       52.5 nm
 1  0  0      102.7 nm

24
-1  0  0      100.6 nm
 0 -1  0       52.9 nm
 0  0 -1      169.7 nm
 0  0  1      169.7 nm
 0  1  0       52.9 nm
 1  0  0      100.6 nm

25
-1  0  0      101.9 nm
 0 -1  0       51.5 nm
 0  0 -1      171.3 nm
 0  0  1      171.3 nm
 0  1  0       51.5 nm
 1  0  0      101.9 nm

26
-1  0  0      102.4 nm
 0 -1  0       52.5 nm
 0  0 -1      170.3 nm
 0  0  1      170.3 nm
 0  1  0       52.5 nm
 1  0  0      102.4 nm

27
-1  0  0      102.5 nm
 0 -1  0       51.9 nm
 0  0 -1      170.3 nm
 0  0  1      170.3 nm
 0  1  0       51.9 nm
 1  0  0      102.5 nm

28
-1  0  0      101.4 nm
 0 -1  0       52.9 nm
 0  0 -1      171.0 nm
 0  0  1      171.0 nm
 0  1  0       52.9 nm
 1  0  0      101.4 nm

29
-1  0  0      103.0 nm
 0 -1  0       52.5 nm
 0  0 -1      171.2 nm
 0  0  1      171.2 nm
 0  1  0       52.5 nm
 1  0  0      103.0 nm

30
-1  0  0      103.3 nm
 0 -1  0       52.5 nm
 0  0 -1      171.3 nm
 0  0  1      171.3 nm
 0  1  0       52.5 nm
 1  0  0      103.3 nm

31
-1  0  0      103.3 nm
 0 -1  0       52.5 nm
 0  0 -1      172.7 nm
 0  0  1      172.7 nm
 0  1  0       52.5 nm
 1  0  0      103.3 nm

32
-1  0  0      103.7 nm
 0 -1  0       52.3 nm
 0  0 -1      173.5 nm
 0  0  1      173.5 nm
 0  1  0       52.3 nm
 1  0  0      103.7 nm

33
-1  0  0      103.9 nm
 0 -1  0       52.5 nm
 0  0 -1      172.2 nm
 0  0  1      172.2 nm
 0  1  0       52.5 nm
 1  0  0      103.9 nm

34
-1  0  0      103.5 nm
 0 -1  0       52.9 nm
 0  0 -1      171.4 nm
 0  0  1      171.4 nm
 0  1  0       52.9 nm
 1  0  0      103.5 nm

35
-1  0  0      104.0 nm
 0 -1  0       52.9 nm
 0  0 -1      171.8 nm
 0  0  1      171.8 nm
 0  1  0       52.9 nm
 1  0  0      104.0 nm

36
-1  0  0      104.5 nm
 0 -1  0       52.5 nm
 0  0 -1      172.7 nm
 0  0  1      172.7 nm
 0  1  0       52.5 nm
 1  0  0      104.5 nm

37
-1  0  0      105.1 nm
 0 -1  0       52.3 nm
 0  0 -1      174.2 nm
 0  0  1      174.2 nm
 0  1  0       52.3 nm
 1  0  0      105.1 nm

38
-1  0  0      105.3 nm
 0 -1  0       52.5 nm
 0  0 -1      172.2 nm
 0  0  1      172.2 nm
 0  1  0       52.5 nm
 1  0  0      105.3 nm

39
-1  0  0      105.4 nm
 0 -1  0       53.5 nm
 0  0 -1      173.3 nm
 0  0  1      173.3 nm
 0  1  0       53.5 nm
 1  0  0      105.4 nm

