0
-1  0  0       94.9 nm
 0 -1  0      109.5 nm
 0  0 -1      125.6 nm
 0  0  1      125.6 nm
 0  1  0      109.5 nm
 1  0  0       94.9 nm

1
-1  0  0       95.5 nm
 0 -1  0      108.6 nm
 0  0 -1      125.0 nm
 0  0  1      125.0 nm
 0  1  0      108.6 nm
 1  0  0       95.5 nm

2
-1  0  0       94.5 nm
 0 -1  0      109.5 nm
 0  0 -1      124.8 nm
 0  0  1      124.8 nm
 0  1  0      109.5 nm
 1  0  0       94.5 nm

3
-1  0  0       95.5 nm
 0 -1  0      107.6 nm
 0  0 -1      125.2 nm
 0  0  1      125.2 nm
 0  1  0      107.6 nm
 1  0  0       95.5 nm

4
-1  0  0       95.8 nm
 0 -1  0      104.6 nm
 0  0 -1      124.5 nm
 0  0  1      124.5 nm
 0  1  0      104.6 nm
 1  0  0       95.8 nm

5
-1  0  0       96.5 nm
 0 -1  0       97.7 nm
 0  0 -1      126.1 nm
 0  0  1      126.1 nm
 0  1  0       97.7 nm
 1  0  0       96.5 nm

6
-1  0  0       95.4 nm
 0 -1  0       85.5 nm
 0  0 -1      130.0 nm
 0  0  1      130.0 nm
 0  1  0       85.5 nm
 1  0  0       95.4 nm

7
-1  0  0       95.7 nm
 0 -1  0       72.3 nm
 0  0 -1      139.5 nm
 0  0  1      139.5 nm
 0  1  0       72.3 nm
 1  0  0       95.7 nm

8
-1  0  0       97.0 nm
 0 -1  0       61.4 nm
 0  0 -1      148.8 nm
 0  0  1      148.8 nm
 0  1  0       61.4 nm
 1  0  0       97.0 nm

9
-1  0  0       97.7 nm
 0 -1  0       56.5 nm
 0  0 -1      158.5 nm
 0  0  1      158.5 nm
 0  1  0       56.5 nm
 1  0  0       97.7 nm

10
-1  0  0       95.9 nm
 0 -1  0       53.9 nm
 0  0 -1      164.4 nm
 0  0  1      164.4 nm
 0  1  0       53.9 nm
 1  0  0       95.9 nm

11
-1  0  0       95.3 nm
 0 -1  0       51.5 nm
 0  0 -1      168.8 nm
 0  0  1      168.8 nm
 0  1  0       51.5 nm
 1  0  0       95.3 nm

12
-1  0  0       94.2 nm
 0 -1  0       50.9 nm
 0  0 -1      172.4 nm
 0  0  1      172.4 nm
 0  1  0       50.9 nm
 1  0  0       94.2 nm

13
-1  0  0       93.1 nm
 0 -1  0       49.9 nm
 0  0 -1      175.4 nm
 0  0  1      175.4 nm
 0  1  0       49.9 nm
 1  0  0       93.1 nm

14
-1  0  0       93.9 nm
 0 -1  0       49.0 nm
 0  0 -1      176.9 nm
 0  0  1      176.9 nm
 0  1  0       49.0 nm
 1  0  0       93.9 nm

15
-1  0  0       95.2 nm
 0 -1  0       48.0 nm
 0  0 -1      178.4 nm
 0  0  1      178.4 nm
 0  1  0       48.0 nm
 1  0  0       95.2 nm

16
-1  0  0       94.0 nm
 0 -1  0       49.6 nm
 0  0 -1      177.8 nm
 0  0  1      177.8 nm
 0  1  0       49.6 nm
 1  0  0       94.0 nm

17
-1  0  0       93.3 nm
 0 -1  0       49.3 nm
 0  0 -1      178.2 nm
 0  0  1      178.2 nm
 0  1  0       49.3 nm
 1  0  0       93.3 nm

18
-1  0  0       93.9 nm
 0 -1  0       49.6 nm
 0  0 -1      180.4 nm
 0  0  1      180.4 nm
 0  1  0       49.6 nm
 1  0  0       93.9 nm

19
-1  0  0       94.9 nm
 0 -1  0       48.6 nm
 0  0 -1      180.2 nm
 0  0  1      180.2 nm
 0  1  0       48.6 nm
 1  0  0       94.9 nm

20
-1  0  0       95.0 nm
 0 -1  0       48.6 nm
 0  0 -1      181.6 nm
 0  0  1      181.6 nm
 0  1  0       48.6 nm
 1  0  0       95.0 nm

21
-1  0  0       94.9 nm
 0 -1  0       49.6 nm
 0  0 -1      179.4 nm
 0  0  1      179.4 nm
 0  1  0       49.6 nm
 1  0  0       94.9 nm

22
-1  0  0       95.1 nm
 0 -1  0       48.6 nm
 0  0 -1      182.8 nm
 0  0  1      182.8 nm
 0  1  0       48.6 nm
 1  0  0       95.1 nm

23
-1  0  0       93.9 nm
 0 -1  0       50.5 nm
 0  0 -1      181.7 nm
 0  0  1      181.7 nm
 0  1  0       50.5 nm
 1  0  0       93.9 nm

24
-1  0  0       96.0 nm
 0 -1  0       48.6 nm
 0  0 -1      183.2 nm
 0  0  1      183.2 nm
 0  1  0       48.6 nm
 1  0  0       96.0 nm

25
-1  0  0       96.0 nm
 0 -1  0       48.6 nm
 0  0 -1      181.7 nm
 0  0  1      181.7 nm
 0  1  0       48.6 nm
 1  0  0       96.0 nm

26
-1  0  0       95.3 nm
 0 -1  0       48.6 nm
 0  0 -1      182.7 nm
 0  0  1      182.7 nm
 0  1  0       48.6 nm
 1  0  0       95.3 nm

27
-1  0  0       97.0 nm
 0 -1  0       49.0 nm
 0  0 -1      184.4 nm
 0  0  1      184.4 nm
 0  1  0       49.0 nm
 1  0  0       97.0 nm

28
-1  0  0       95.9 nm
 0 -1  0       48.6 nm
 0  0 -1      184.3 nm
 0  0  1      184.3 nm
 0  1  0       48.6 nm
 1  0  0       95.9 nm

29
-1  0  0       97.7 nm
 0 -1  0       48.6 nm
 0  0 -1      184.4 nm
 0  0  1      184.4 nm
 0  1  0       48.6 nm
 1  0  0       97.7 nm

30
-1  0  0       96.9 nm
 0 -1  0       48.6 nm
 0  0 -1      185.4 nm
 0  0  1      185.4 nm
 0  1  0       48.6 nm
 1  0  0       96.9 nm

31
-1  0  0       96.2 nm
 0 -1  0       48.6 nm
 0  0 -1      184.3 nm
 0  0  1      184.3 nm
 0  1  0       48.6 nm
 1  0  0       96.2 nm

32
-1  0  0       95.9 nm
 0 -1  0       49.6 nm
 0  0 -1      183.9 nm
 0  0  1      183.9 nm
 0  1  0       49.6 nm
 1  0  0       95.9 nm

33
-1  0  0       95.7 nm
 0 -1  0       49.6 nm
 0  0 -1      185.4 nm
 0  0  1      185.4 nm
 0  1  0       49.6 nm
 1  0  0       95.7 nm

34
-1  0  0       96.7 nm
 0 -1  0       49.6 nm
 0  0 -1      185.8 nm
 0  0  1      185.8 nm
 0  1  0       49.6 nm
 1  0  0       96.7 nm

35
-1  0  0       97.2 nm
 0 -1  0       49.9 nm
 0  0 -1      186.3 nm
 0  0  1      186.3 nm
 0  1  0       49.9 nm
 1  0  0       97.2 nm

36
-1  0  0       97.7 nm
 0 -1  0       49.0 nm
 0  0 -1      185.3 nm
 0  0  1      185.3 nm
 0  1  0       49.0 nm
 1  0  0       97.7 nm

37
-1  0  0       98.0 nm
 0 -1  0       49.0 nm
 0  0 -1      184.8 nm
 0  0  1      184.8 nm
 0  1  0       49.0 nm
 1  0  0       98.0 nm

38
-1  0  0       97.3 nm
 0 -1  0       48.6 nm
 0  0 -1      185.8 nm
 0  0  1      185.8 nm
 0  1  0       48.6 nm
 1  0  0       97.3 nm

39
-1  0  0       97.2 nm
 0 -1  0       50.5 nm
 0  0 -1      185.4 nm
 0  0  1      185.4 nm
 0  1  0       50.5 nm
 1  0  0       97.2 nm

