0
-1  0  0       92.5 nm
 0 -1  0      101.7 nm
 0  0 -1      138.2 nm
 0  0  1      138.2 nm
 0  1  0      101.7 nm
 1  0  0       92.5 nm

1
-1  0  0       94.5 nm
 0 -1  0      102.6 nm
 0  0 -1      136.8 nm
 0  0  1      136.8 nm
 0  1  0      102.6 nm
 1  0  0       94.5 nm

2
-1  0  0       93.5 nm
 0 -1  0      100.7 nm
 0  0 -1      136.8 nm
 0  0  1      136.8 nm
 0  1  0      100.7 nm
 1  0  0       93.5 nm

3
-1  0  0       94.5 nm
 0 -1  0      102.6 nm
 0  0 -1      135.6 nm
 0  0  1      135.6 nm
 0  1  0      102.6 nm
 1  0  0       94.5 nm

4
-1  0  0       94.5 nm
 0 -1  0       98.7 nm
 0  0 -1      135.9 nm
 0  0  1      135.9 nm
 0  1  0       98.7 nm
 1  0  0       94.5 nm

5
-1  0  0       95.4 nm
 0 -1  0       95.7 nm
 0  0 -1      135.3 nm
 0  0  1      135.3 nm
 0  1  0       95.7 nm
 1  0  0       95.4 nm

6
-1  0  0       93.4 nm
 0 -1  0       87.8 nm
 0  0 -1      134.8 nm
 0  0  1      134.8 nm
 0  1  0       87.8 nm
 1  0  0       93.4 nm

7
-1  0  0       92.0 nm
 0 -1  0       75.2 nm
 0  0 -1      139.8 nm
 0  0  1      139.8 nm
 0  1  0       75.2 nm
 1  0  0       92.0 nm

8
-1  0  0       91.0 nm
 0 -1  0       62.4 nm
 0  0 -1      150.7 nm
 0  0  1      150.7 nm
 0  1  0       62.4 nm
 1  0  0       91.0 nm

9
-1  0  0       90.9 nm
 0 -1  0       55.5 nm
 0  0 -1      162.4 nm
 0  0  1      162.4 nm
 0  1  0       55.5 nm
 1  0  0       90.9 nm

10
-1  0  0       89.9 nm
 0 -1  0       52.5 nm
 0  0 -1      171.0 nm
 0  0  1      171.0 nm
 0  1  0       52.5 nm
 1  0  0       89.9 nm

11
-1  0  0       88.9 nm
 0 -1  0       49.6 nm
 0  0 -1      178.9 nm
 0  0  1      178.9 nm
 0  1  0       49.6 nm
 1  0  0       88.9 nm

12
-1  0  0       88.1 nm
 0 -1  0       47.6 nm
 0  0 -1      184.8 nm
 0  0  1      184.8 nm
 0  1  0       47.6 nm
 1  0  0       88.1 nm

13
-1  0  0       86.3 nm
 0 -1  0       46.6 nm
 0  0 -1      186.7 nm
 0  0  1      186.7 nm
 0  1  0       46.6 nm
 1  0  0       86.3 nm

14
-1  0  0       85.9 nm
 0 -1  0       46.6 nm
 0  0 -1      189.6 nm
 0  0  1      189.6 nm
 0  1  0       46.6 nm
 1  0  0       85.9 nm

15
-1  0  0       85.9 nm
 0 -1  0       47.6 nm
 0  0 -1      189.6 nm
 0  0  1      189.6 nm
 0  1  0       47.6 nm
 1  0  0       85.9 nm

16
-1  0  0       87.0 nm
 0 -1  0       45.6 nm
 0  0 -1      192.3 nm
 0  0  1      192.3 nm
 0  1  0       45.6 nm
 1  0  0       87.0 nm

17
-1  0  0       87.0 nm
 0 -1  0       46.6 nm
 0  0 -1      193.2 nm
 0  0  1      193.2 nm
 0  1  0       46.6 nm
 1  0  0       87.0 nm

18
-1  0  0       86.3 nm
 0 -1  0       45.6 nm
 0  0 -1      192.9 nm
 0  0  1      192.9 nm
 0  1  0       45.6 nm
 1  0  0       86.3 nm

19
-1  0  0       87.9 nm
 0 -1  0       45.6 nm
 0  0 -1      194.8 nm
 0  0  1      194.8 nm
 0  1  0       45.6 nm
 1  0  0       87.9 nm

20
-1  0  0       87.6 nm
 0 -1  0       46.6 nm
 0  0 -1      194.8 nm
 0  0  1      194.8 nm
 0  1  0       46.6 nm
 1  0  0       87.6 nm

21
-1  0  0       87.2 nm
 0 -1  0       46.6 nm
 0  0 -1      194.8 nm
 0  0  1      194.8 nm
 0  1  0       46.6 nm
 1  0  0       87.2 nm

22
-1  0  0       87.6 nm
 0 -1  0       46.6 nm
 0  0 -1      196.1 nm
 0  0  1      196.1 nm
 0  1  0       46.6 nm
 1  0  0       87.6 nm

23
-1  0  0       86.4 nm
 0 -1  0       46.6 nm
 0  0 -1      195.2 nm
 0  0  1      195.2 nm
 0  1  0       46.6 nm
 1  0  0       86.4 nm

24
-1  0  0       87.6 nm
 0 -1  0       46.6 nm
 0  0 -1      195.6 nm
 0  0  1      195.6 nm
 0  1  0       46.6 nm
 1  0  0       87.6 nm

25
-1  0  0       87.0 nm
 0 -1  0       46.6 nm
 0  0 -1      197.1 nm
 0  0  1      197.1 nm
 0  1  0       46.6 nm
 1  0  0       87.0 nm

26
-1  0  0       87.9 nm
 0 -1  0       47.6 nm
 0  0 -1      196.0 nm
 0  0  1      196.0 nm
 0  1  0       47.6 nm
 1  0  0       87.9 nm

27
-1  0  0       88.0 nm
 0 -1  0       46.6 nm
 0  0 -1      196.8 nm
 0  0  1      196.8 nm
 0  1  0       46.6 nm
 1  0  0       88.0 nm

28
-1  0  0       87.6 nm
 0 -1  0       47.6 nm
 0  0 -1      197.1 nm
 0  0  1      197.1 nm
 0  1  0       47.6 nm
 1  0  0       87.6 nm

29
-1  0  0       86.9 nm
 0 -1  0       47.6 nm
 0  0 -1      198.1 nm
 0  0  1      198.1 nm
 0  1  0       47.6 nm
 1  0  0       86.9 nm

30
-1  0  0       88.9 nm
 0 -1  0       47.0 nm
 0  0 -1      197.0 nm
 0  0  1      197.0 nm
 0  1  0       47.0 nm
 1  0  0       88.9 nm

31
-1  0  0       89.2 nm
 0 -1  0       46.6 nm
 0  0 -1      197.9 nm
 0  0  1      197.9 nm
 0  1  0       46.6 nm
 1  0  0       89.2 nm

32
-1  0  0       88.9 nm
 0 -1  0       47.6 nm
 0  0 -1      198.0 nm
 0  0  1      198.0 nm
 0  1  0       47.6 nm
 1  0  0       88.9 nm

33
-1  0  0       88.6 nm
 0 -1  0       46.6 nm
 0  0 -1      198.6 nm
 0  0  1      198.6 nm
 0  1  0       46.6 nm
 1  0  0       88.6 nm

34
-1  0  0       88.2 nm
 0 -1  0       47.0 nm
 0  0 -1      199.2 nm
 0  0  1      199.2 nm
 0  1  0       47.0 nm
 1  0  0       88.2 nm

35
-1  0  0       89.2 nm
 0 -1  0       47.0 nm
 0  0 -1      199.0 nm
 0  0  1      199.0 nm
 0  1  0       47.0 nm
 1  0  0       89.2 nm

36
-1  0  0       89.9 nm
 0 -1  0       46.6 nm
 0  0 -1      198.3 nm
 0  0  1      198.3 nm
 0  1  0       46.6 nm
 1  0  0       89.9 nm

37
-1  0  0       89.6 nm
 0 -1  0       46.6 nm
 0  0 -1      199.3 nm
 0  0  1      199.3 nm
 0  1  0       46.6 nm
 1  0  0       89.6 nm

38
-1  0  0       90.1 nm
 0 -1  0       46.6 nm
 0  0 -1      199.1 nm
 0  0  1      199.1 nm
 0  1  0       46.6 nm
 1  0  0       90.1 nm

39
-1  0  0       89.2 nm
 0 -1  0       46.6 nm
 0  0 -1      198.6 nm
 0  0  1      198.6 nm
 0  1  0       46.6 nm
 1  0  0       89.2 nm

