0
-1  0  0       88.5 nm
 0 -1  0       95.7 nm
 0  0 -1      148.6 nm
 0  0  1      148.6 nm
 0  1  0       95.7 nm
 1  0  0       88.5 nm

1
-1  0  0       89.5 nm
 0 -1  0       96.7 nm
 0  0 -1      148.0 nm
 0  0  1      148.0 nm
 0  1  0       96.7 nm
 1  0  0       89.5 nm

2
-1  0  0       89.5 nm
 0 -1  0       95.7 nm
 0  0 -1      148.6 nm
 0  0  1      148.6 nm
 0  1  0       95.7 nm
 1  0  0       89.5 nm

3
-1  0  0       89.5 nm
 0 -1  0       95.3 nm
 0  0 -1      148.0 nm
 0  0  1      148.0 nm
 0  1  0       95.3 nm
 1  0  0       89.5 nm

4
-1  0  0       90.4 nm
 0 -1  0       94.4 nm
 0  0 -1      145.5 nm
 0  0  1      145.5 nm
 0  1  0       94.4 nm
 1  0  0       90.4 nm

5
-1  0  0       91.4 nm
 0 -1  0       92.8 nm
 0  0 -1      142.4 nm
 0  0  1      142.4 nm
 0  1  0       92.8 nm
 1  0  0       91.4 nm

6
-1  0  0       92.4 nm
 0 -1  0       88.4 nm
 0  0 -1      141.2 nm
 0  0  1      141.2 nm
 0  1  0       88.4 nm
 1  0  0       92.4 nm

7
-1  0  0       87.6 nm
 0 -1  0       78.0 nm
 0  0 -1      144.4 nm
 0  0  1      144.4 nm
 0  1  0       78.0 nm
 1  0  0       87.6 nm

8
-1  0  0       86.0 nm
 0 -1  0       65.3 nm
 0  0 -1      153.3 nm
 0  0  1      153.3 nm
 0  1  0       65.3 nm
 1  0  0       86.0 nm

9
-1  0  0       85.0 nm
 0 -1  0       56.5 nm
 0  0 -1      166.7 nm
 0  0  1      166.7 nm
 0  1  0       56.5 nm
 1  0  0       85.0 nm

10
-1  0  0       81.9 nm
 0 -1  0       50.5 nm
 0  0 -1      179.7 nm
 0  0  1      179.7 nm
 0  1  0       50.5 nm
 1  0  0       81.9 nm

11
-1  0  0       80.9 nm
 0 -1  0       48.6 nm
 0  0 -1      187.4 nm
 0  0  1      187.4 nm
 0  1  0       48.6 nm
 1  0  0       80.9 nm

12
-1  0  0       80.8 nm
 0 -1  0       46.6 nm
 0  0 -1      193.4 nm
 0  0  1      193.4 nm
 0  1  0       46.6 nm
 1  0  0       80.8 nm

13
-1  0  0       79.8 nm
 0 -1  0       45.6 nm
 0  0 -1      199.4 nm
 0  0  1      199.4 nm
 0  1  0       45.6 nm
 1  0  0       79.8 nm

14
-1  0  0       78.9 nm
 0 -1  0       45.6 nm
 0  0 -1      202.9 nm
 0  0  1      202.9 nm
 0  1  0       45.6 nm
 1  0  0       78.9 nm

15
-1  0  0       78.6 nm
 0 -1  0       45.6 nm
 0  0 -1      204.5 nm
 0  0  1      204.5 nm
 0  1  0       45.6 nm
 1  0  0       78.6 nm

16
-1  0  0       79.8 nm
 0 -1  0       44.0 nm
 0  0 -1      205.9 nm
 0  0  1      205.9 nm
 0  1  0       44.0 nm
 1  0  0       79.8 nm

17
-1  0  0       78.9 nm
 0 -1  0       44.6 nm
 0  0 -1      207.2 nm
 0  0  1      207.2 nm
 0  1  0       44.6 nm
 1  0  0       78.9 nm

18
-1  0  0       79.1 nm
 0 -1  0       44.4 nm
 0  0 -1      206.5 nm
 0  0  1      206.5 nm
 0  1  0       44.4 nm
 1  0  0       79.1 nm

19
-1  0  0       78.8 nm
 0 -1  0       44.6 nm
 0  0 -1      208.0 nm
 0  0  1      208.0 nm
 0  1  0       44.6 nm
 1  0  0       78.8 nm

20
-1  0  0       79.6 nm
 0 -1  0       45.6 nm
 0  0 -1      207.8 nm
 0  0  1      207.8 nm
 0  1  0       45.6 nm
 1  0  0       79.6 nm

21
-1  0  0       79.8 nm
 0 -1  0       44.4 nm
 0  0 -1      208.5 nm
 0  0  1      208.5 nm
 0  1  0       44.4 nm
 1  0  0       79.8 nm

22
-1  0  0       78.8 nm
 0 -1  0       45.6 nm
 0  0 -1      208.1 nm
 0  0  1      208.1 nm
 0  1  0       45.6 nm
 1  0  0       78.8 nm

23
-1  0  0       79.6 nm
 0 -1  0       44.6 nm
 0  0 -1      208.8 nm
 0  0  1      208.8 nm
 0  1  0       44.6 nm
 1  0  0       79.6 nm

24
-1  0  0       79.8 nm
 0 -1  0       44.6 nm
 0  0 -1      209.2 nm
 0  0  1      209.2 nm
 0  1  0       44.6 nm
 1  0  0       79.8 nm

25
-1  0  0       79.8 nm
 0 -1  0       46.6 nm
 0  0 -1      208.5 nm
 0  0  1      208.5 nm
 0  1  0       46.6 nm
 1  0  0       79.8 nm

26
-1  0  0       79.9 nm
 0 -1  0       45.0 nm
 0  0 -1      209.5 nm
 0  0  1      209.5 nm
 0  1  0       45.0 nm
 1  0  0       79.9 nm

27
-1  0  0       80.2 nm
 0 -1  0       44.6 nm
 0  0 -1      210.3 nm
 0  0  1      210.3 nm
 0  1  0       44.6 nm
 1  0  0       80.2 nm

28
-1  0  0       79.6 nm
 0 -1  0       45.6 nm
 0  0 -1      210.9 nm
 0  0  1      210.9 nm
 0  1  0       45.6 nm
 1  0  0       79.6 nm

29
-1  0  0       79.9 nm
 0 -1  0       45.6 nm
 0  0 -1      210.8 nm
 0  0  1      210.8 nm
 0  1  0       45.6 nm
 1  0  0       79.9 nm

30
-1  0  0       79.8 nm
 0 -1  0       45.6 nm
 0  0 -1      211.8 nm
 0  0  1      211.8 nm
 0  1  0       45.6 nm
 1  0  0       79.8 nm

31
-1  0  0       80.2 nm
 0 -1  0       46.0 nm
 0  0 -1      210.4 nm
 0  0  1      210.4 nm
 0  1  0       46.0 nm
 1  0  0       80.2 nm

32
-1  0  0       80.8 nm
 0 -1  0       45.0 nm
 0  0 -1      212.4 nm
 0  0  1      212.4 nm
 0  1  0       45.0 nm
 1  0  0       80.8 nm

33
-1  0  0       80.6 nm
 0 -1  0       46.6 nm
 0  0 -1      210.1 nm
 0  0  1      210.1 nm
 0  1  0       46.6 nm
 1  0  0       80.6 nm

34
-1  0  0       80.9 nm
 0 -1  0       45.6 nm
 0  0 -1      210.3 nm
 0  0  1      210.3 nm
 0  1  0       45.6 nm
 1  0  0       80.9 nm

35
-1  0  0       80.8 nm
 0 -1  0       46.6 nm
 0  0 -1      212.5 nm
 0  0  1      212.5 nm
 0  1  0       46.6 nm
 1  0  0       80.8 nm

36
-1  0  0       81.8 nm
 0 -1  0       46.0 nm
 0  0 -1      212.4 nm
 0  0  1      212.4 nm
 0  1  0       46.0 nm
 1  0  0       81.8 nm

37
-1  0  0       80.8 nm
 0 -1  0       46.4 nm
 0  0 -1      211.7 nm
 0  0  1      211.7 nm
 0  1  0       46.4 nm
 1  0  0       80.8 nm

38
-1  0  0       81.1 nm
 0 -1  0       46.6 nm
 0  0 -1      212.8 nm
 0  0  1      212.8 nm
 0  1  0       46.6 nm
 1  0  0       81.1 nm

39
-1  0  0       81.6 nm
 0 -1  0       46.6 nm
 0  0 -1      212.0 nm
 0  0  1      212.0 nm
 0  1  0       46.6 nm
 1  0  0       81.6 nm

