0
-1  0  0       86.5 nm
 0 -1  0       91.8 nm
 0  0 -1      158.5 nm
 0  0  1      158.5 nm
 0  1  0       91.8 nm
 1  0  0       86.5 nm

1
-1  0  0       86.6 nm
 0 -1  0       91.8 nm
 0  0 -1      158.5 nm
 0  0  1      158.5 nm
 0  1  0       91.8 nm
 1  0  0       86.6 nm

2
-1  0  0       86.5 nm
 0 -1  0       91.8 nm
 0  0 -1      157.8 nm
 0  0  1      157.8 nm
 0  1  0       91.8 nm
 1  0  0       86.5 nm

3
-1  0  0       86.6 nm
 0 -1  0       91.8 nm
 0  0 -1      156.5 nm
 0  0  1      156.5 nm
 0  1  0       91.8 nm
 1  0  0       86.6 nm

4
-1  0  0       87.4 nm
 0 -1  0       90.8 nm
 0  0 -1      153.4 nm
 0  0  1      153.4 nm
 0  1  0       90.8 nm
 1  0  0       87.4 nm

5
-1  0  0       88.4 nm
 0 -1  0       90.8 nm
 0  0 -1      151.0 nm
 0  0  1      151.0 nm
 0  1  0       90.8 nm
 1  0  0       88.4 nm

6
-1  0  0       89.0 nm
 0 -1  0       88.4 nm
 0  0 -1      147.2 nm
 0  0  1      147.2 nm
 0  1  0       88.4 nm
 1  0  0       89.0 nm

7
-1  0  0       85.0 nm
 0 -1  0       81.5 nm
 0  0 -1      148.0 nm
 0  0  1      148.0 nm
 0  1  0       81.5 nm
 1  0  0       85.0 nm

8
-1  0  0       81.0 nm
 0 -1  0       69.1 nm
 0  0 -1      154.4 nm
 0  0  1      154.4 nm
 0  1  0       69.1 nm
 1  0  0       81.0 nm

9
-1  0  0       78.6 nm
 0 -1  0       58.8 nm
 0  0 -1      168.1 nm
 0  0  1      168.1 nm
 0  1  0       58.8 nm
 1  0  0       78.6 nm

10
-1  0  0       76.8 nm
 0 -1  0       51.9 nm
 0  0 -1      184.0 nm
 0  0  1      184.0 nm
 0  1  0       51.9 nm
 1  0  0       76.8 nm

11
-1  0  0       75.6 nm
 0 -1  0       47.6 nm
 0  0 -1      196.3 nm
 0  0  1      196.3 nm
 0  1  0       47.6 nm
 1  0  0       75.6 nm

12
-1  0  0       72.8 nm
 0 -1  0       46.6 nm
 0  0 -1      203.0 nm
 0  0  1      203.0 nm
 0  1  0       46.6 nm
 1  0  0       72.8 nm

13
-1  0  0       72.8 nm
 0 -1  0       46.6 nm
 0  0 -1      209.9 nm
 0  0  1      209.9 nm
 0  1  0       46.6 nm
 1  0  0       72.8 nm

14
-1  0  0       72.8 nm
 0 -1  0       44.6 nm
 0  0 -1      215.6 nm
 0  0  1      215.6 nm
 0  1  0       44.6 nm
 1  0  0       72.8 nm

15
-1  0  0       72.8 nm
 0 -1  0       43.6 nm
 0  0 -1      218.3 nm
 0  0  1      218.3 nm
 0  1  0       43.6 nm
 1  0  0       72.8 nm

16
-1  0  0       72.0 nm
 0 -1  0       44.4 nm
 0  0 -1      219.5 nm
 0  0  1      219.5 nm
 0  1  0       44.4 nm
 1  0  0       72.0 nm

17
-1  0  0       71.9 nm
 0 -1  0       45.0 nm
 0  0 -1      219.7 nm
 0  0  1      219.7 nm
 0  1  0       45.0 nm
 1  0  0       71.9 nm

18
-1  0  0       71.8 nm
 0 -1  0       44.6 nm
 0  0 -1      220.5 nm
 0  0  1      220.5 nm
 0  1  0       44.6 nm
 1  0  0       71.8 nm

19
-1  0  0       72.0 nm
 0 -1  0       44.6 nm
 0  0 -1      219.0 nm
 0  0  1      219.0 nm
 0  1  0       44.6 nm
 1  0  0       72.0 nm

20
-1  0  0       72.6 nm
 0 -1  0       43.6 nm
 0  0 -1      221.6 nm
 0  0  1      221.6 nm
 0  1  0       43.6 nm
 1  0  0       72.6 nm

21
-1  0  0       72.6 nm
 0 -1  0       44.6 nm
 0  0 -1      219.6 nm
 0  0  1      219.6 nm
 0  1  0       44.6 nm
 1  0  0       72.6 nm

22
-1  0  0       72.0 nm
 0 -1  0       44.6 nm
 0  0 -1      220.7 nm
 0  0  1      220.7 nm
 0  1  0       44.6 nm
 1  0  0       72.0 nm

23
-1  0  0       71.8 nm
 0 -1  0       45.6 nm
 0  0 -1      220.1 nm
 0  0  1      220.1 nm
 0  1  0       45.6 nm
 1  0  0       71.8 nm

24
-1  0  0       72.6 nm
 0 -1  0       44.6 nm
 0  0 -1      220.8 nm
 0  0  1      220.8 nm
 0  1  0       44.6 nm
 1  0  0       72.6 nm

25
-1  0  0       72.8 nm
 0 -1  0       44.6 nm
 0  0 -1      221.0 nm
 0  0  1      221.0 nm
 0  1  0       44.6 nm
 1  0  0       72.8 nm

26
-1  0  0       73.6 nm
 0 -1  0       44.6 nm
 0  0 -1      220.6 nm
 0  0  1      220.6 nm
 0  1  0       44.6 nm
 1  0  0       73.6 nm

27
-1  0  0       73.1 nm
 0 -1  0       45.6 nm
 0  0 -1      219.9 nm
 0  0  1      219.9 nm
 0  1  0       45.6 nm
 1  0  0       73.1 nm

28
-1  0  0       72.0 nm
 0 -1  0       45.6 nm
 0  0 -1      221.4 nm
 0  0  1      221.4 nm
 0  1  0       45.6 nm
 1  0  0       72.0 nm

29
-1  0  0       73.0 nm
 0 -1  0       44.6 nm
 0  0 -1      222.4 nm
 0  0  1      222.4 nm
 0  1  0       44.6 nm
 1  0  0       73.0 nm

30
-1  0  0       72.8 nm
 0 -1  0       45.6 nm
 0  0 -1      223.3 nm
 0  0  1      223.3 nm
 0  1  0       45.6 nm
 1  0  0       72.8 nm

31
-1  0  0       72.6 nm
 0 -1  0       45.6 nm
 0  0 -1      222.2 nm
 0  0  1      222.2 nm
 0  1  0       45.6 nm
 1  0  0       72.6 nm

32
-1  0  0       73.1 nm
 0 -1  0       45.6 nm
 0  0 -1      222.9 nm
 0  0  1      222.9 nm
 0  1  0       45.6 nm
 1  0  0       73.1 nm

33
-1  0  0       73.8 nm
 0 -1  0       44.6 nm
 0  0 -1      222.9 nm
 0  0  1      222.9 nm
 0  1  0       44.6 nm
 1  0  0       73.8 nm

34
-1  0  0       72.6 nm
 0 -1  0       46.6 nm
 0  0 -1      220.9 nm
 0  0  1      220.9 nm
 0  1  0       46.6 nm
 1  0  0       72.6 nm

35
-1  0  0       73.8 nm
 0 -1  0       45.6 nm
 0  0 -1      222.6 nm
 0  0  1      222.6 nm
 0  1  0       45.6 nm
 1  0  0       73.8 nm

36
-1  0  0       73.8 nm
 0 -1  0       45.6 nm
 0  0 -1      223.7 nm
 0  0  1      223.7 nm
 0  1  0       45.6 nm
 1  0  0       73.8 nm

37
-1  0  0       74.6 nm
 0 -1  0       45.6 nm
 0  0 -1      223.9 nm
 0  0  1      223.9 nm
 0  1  0       45.6 nm
 1  0  0       74.6 nm

38
-1  0  0       74.6 nm
 0 -1  0       45.0 nm
 0  0 -1      223.9 nm
 0  0  1      223.9 nm
 0  1  0       45.0 nm
 1  0  0       74.6 nm

39
-1  0  0       74.6 nm
 0 -1  0       46.0 nm
 0  0 -1      224.8 nm
 0  0  1      224.8 nm
 0  1  0       46.0 nm
 1  0  0       74.6 nm

