0
-1  0  0       83.5 nm
 0 -1  0       87.8 nm
 0  0 -1      166.4 nm
 0  0  1      166.4 nm
 0  1  0       87.8 nm
 1  0  0       83.5 nm

1
-1  0  0       83.5 nm
 0 -1  0       88.8 nm
 0  0 -1      165.7 nm
 0  0  1      165.7 nm
 0  1  0       88.8 nm
 1  0  0       83.5 nm

2
-1  0  0       85.4 nm
 0 -1  0       87.8 nm
 0  0 -1      165.7 nm
 0  0  1      165.7 nm
 0  1  0       87.8 nm
 1  0  0       85.4 nm

3
-1  0  0       85.4 nm
 0 -1  0       87.8 nm
 0  0 -1      163.9 nm
 0  0  1      163.9 nm
 0  1  0       87.8 nm
 1  0  0       85.4 nm

4
-1  0  0       86.4 nm
 0 -1  0       88.8 nm
 0  0 -1      160.2 nm
 0  0  1      160.2 nm
 0  1  0       88.8 nm
 1  0  0       86.4 nm

5
-1  0  0       85.4 nm
 0 -1  0       88.4 nm
 0  0 -1      156.3 nm
 0  0  1      156.3 nm
 0  1  0       88.4 nm
 1  0  0       85.4 nm

6
-1  0  0       86.4 nm
 0 -1  0       87.8 nm
 0  0 -1      152.9 nm
 0  0  1      152.9 nm
 0  1  0       87.8 nm
 1  0  0       86.4 nm

7
-1  0  0       83.3 nm
 0 -1  0       83.5 nm
 0  0 -1      152.4 nm
 0  0  1      152.4 nm
 0  1  0       83.5 nm
 1  0  0       83.3 nm

8
-1  0  0       76.9 nm
 0 -1  0       74.2 nm
 0  0 -1      156.8 nm
 0  0  1      156.8 nm
 0  1  0       74.2 nm
 1  0  0       76.9 nm

9
-1  0  0       74.6 nm
 0 -1  0       61.4 nm
 0  0 -1      169.2 nm
 0  0  1      169.2 nm
 0  1  0       61.4 nm
 1  0  0       74.6 nm

10
-1  0  0       70.5 nm
 0 -1  0       54.5 nm
 0  0 -1      186.6 nm
 0  0  1      186.6 nm
 0  1  0       54.5 nm
 1  0  0       70.5 nm

11
-1  0  0       69.8 nm
 0 -1  0       48.6 nm
 0  0 -1      200.1 nm
 0  0  1      200.1 nm
 0  1  0       48.6 nm
 1  0  0       69.8 nm

12
-1  0  0       67.8 nm
 0 -1  0       47.6 nm
 0  0 -1      212.8 nm
 0  0  1      212.8 nm
 0  1  0       47.6 nm
 1  0  0       67.8 nm

13
-1  0  0       66.8 nm
 0 -1  0       46.6 nm
 0  0 -1      221.8 nm
 0  0  1      221.8 nm
 0  1  0       46.6 nm
 1  0  0       66.8 nm

14
-1  0  0       66.8 nm
 0 -1  0       43.6 nm
 0  0 -1      227.2 nm
 0  0  1      227.2 nm
 0  1  0       43.6 nm
 1  0  0       66.8 nm

15
-1  0  0       66.0 nm
 0 -1  0       43.6 nm
 0  0 -1      230.9 nm
 0  0  1      230.9 nm
 0  1  0       43.6 nm
 1  0  0       66.0 nm

16
-1  0  0       66.5 nm
 0 -1  0       44.6 nm
 0  0 -1      231.6 nm
 0  0  1      231.6 nm
 0  1  0       44.6 nm
 1  0  0       66.5 nm

17
-1  0  0       66.0 nm
 0 -1  0       43.6 nm
 0  0 -1      232.9 nm
 0  0  1      232.9 nm
 0  1  0       43.6 nm
 1  0  0       66.0 nm

18
-1  0  0       67.1 nm
 0 -1  0       44.6 nm
 0  0 -1      233.1 nm
 0  0  1      233.1 nm
 0  1  0       44.6 nm
 1  0  0       67.1 nm

19
-1  0  0       66.1 nm
 0 -1  0       44.6 nm
 0  0 -1      233.9 nm
 0  0  1      233.9 nm
 0  1  0       44.6 nm
 1  0  0       66.1 nm

20
-1  0  0       64.9 nm
 0 -1  0       44.6 nm
 0  0 -1      232.9 nm
 0  0  1      232.9 nm
 0  1  0       44.6 nm
 1  0  0       64.9 nm

21
-1  0  0       66.5 nm
 0 -1  0       43.6 nm
 0  0 -1      230.8 nm
 0  0  1      230.8 nm
 0  1  0       43.6 nm
 1  0  0       66.5 nm

22
-1  0  0       66.2 nm
 0 -1  0       44.6 nm
 0  0 -1      231.4 nm
 0  0  1      231.4 nm
 0  1  0       44.6 nm
 1  0  0       66.2 nm

23
-1  0  0       66.8 nm
 0 -1  0       45.0 nm
 0  0 -1      230.5 nm
 0  0  1      230.5 nm
 0  1  0       45.0 nm
 1  0  0       66.8 nm

24
-1  0  0       66.1 nm
 0 -1  0       44.6 nm
 0  0 -1      230.5 nm
 0  0  1      230.5 nm
 0  1  0       44.6 nm
 1  0  0       66.1 nm

25
-1  0  0       66.5 nm
 0 -1  0       46.6 nm
 0  0 -1      229.3 nm
 0  0  1      229.3 nm
 0  1  0       46.6 nm
 1  0  0       66.5 nm

26
-1  0  0       66.8 nm
 0 -1  0       44.6 nm
 0  0 -1      232.3 nm
 0  0  1      232.3 nm
 0  1  0       44.6 nm
 1  0  0       66.8 nm

27
-1  0  0       65.9 nm
 0 -1  0       46.6 nm
 0  0 -1      231.2 nm
 0  0  1      231.2 nm
 0  1  0       46.6 nm
 1  0  0       65.9 nm

28
-1  0  0       67.8 nm
 0 -1  0       44.6 nm
 0  0 -1      232.8 nm
 0  0  1      232.8 nm
 0  1  0       44.6 nm
 1  0  0       67.8 nm

29
-1  0  0       67.5 nm
 0 -1  0       44.6 nm
 0  0 -1      232.9 nm
 0  0  1      232.9 nm
 0  1  0       44.6 nm
 1  0  0       67.5 nm

30
-1  0  0       66.8 nm
 0 -1  0       45.4 nm
 0  0 -1      232.2 nm
 0  0  1      232.2 nm
 0  1  0       45.4 nm
 1  0  0       66.8 nm

31
-1  0  0       67.1 nm
 0 -1  0       45.6 nm
 0  0 -1      232.3 nm
 0  0  1      232.3 nm
 0  1  0       45.6 nm
 1  0  0       67.1 nm

32
-1  0  0       66.8 nm
 0 -1  0       45.6 nm
 0  0 -1      231.1 nm
 0  0  1      231.1 nm
 0  1  0       45.6 nm
 1  0  0       66.8 nm

33
-1  0  0       66.8 nm
 0 -1  0       44.6 nm
 0  0 -1      233.9 nm
 0  0  1      233.9 nm
 0  1  0       44.6 nm
 1  0  0       66.8 nm

34
-1  0  0       68.5 nm
 0 -1  0       45.6 nm
 0  0 -1      232.4 nm
 0  0  1      232.4 nm
 0  1  0       45.6 nm
 1  0  0       68.5 nm

35
-1  0  0       67.1 nm
 0 -1  0       46.6 nm
 0  0 -1      232.9 nm
 0  0  1      232.9 nm
 0  1  0       46.6 nm
 1  0  0       67.1 nm

36
-1  0  0       67.8 nm
 0 -1  0       46.0 nm
 0  0 -1      233.7 nm
 0  0  1      233.7 nm
 0  1  0       46.0 nm
 1  0  0       67.8 nm

37
-1  0  0       68.0 nm
 0 -1  0       46.6 nm
 0  0 -1      232.5 nm
 0  0  1      232.5 nm
 0  1  0       46.6 nm
 1  0  0       68.0 nm

38
-1  0  0       68.0 nm
 0 -1  0       46.6 nm
 0  0 -1      231.9 nm
 0  0  1      231.9 nm
 0  1  0       46.6 nm
 1  0  0       68.0 nm

39
-1  0  0       68.1 nm
 0 -1  0       46.6 nm
 0  0 -1      230.6 nm
 0  0  1      230.6 nm
 0  1  0       46.6 nm
 1  0  0       68.1 nm

