0
-1  0  0       83.4 nm
 0 -1  0       84.9 nm
 0  0 -1      172.3 nm
 0  0  1      172.3 nm
 0  1  0       84.9 nm
 1  0  0       83.4 nm

1
-1  0  0       83.4 nm
 0 -1  0       84.9 nm
 0  0 -1      171.0 nm
 0  0  1      171.0 nm
 0  1  0       84.9 nm
 1  0  0       83.4 nm

2
-1  0  0       83.4 nm
 0 -1  0       85.9 nm
 0  0 -1      173.6 nm
 0  0  1      173.6 nm
 0  1  0       85.9 nm
 1  0  0       83.4 nm

3
-1  0  0       83.4 nm
 0 -1  0       85.9 nm
 0  0 -1      169.5 nm
 0  0  1      169.5 nm
 0  1  0       85.9 nm
 1  0  0       83.4 nm

4
-1  0  0       84.4 nm
 0 -1  0       85.9 nm
 0  0 -1      166.4 nm
 0  0  1      166.4 nm
 0  1  0       85.9 nm
 1  0  0       84.4 nm

5
-1  0  0       84.4 nm
 0 -1  0       85.9 nm
 0  0 -1      162.3 nm
 0  0  1      162.3 nm
 0  1  0       85.9 nm
 1  0  0       84.4 nm

6
-1  0  0       84.3 nm
 0 -1  0       85.9 nm
 0  0 -1      158.0 nm
 0  0  1      158.0 nm
 0  1  0       85.9 nm
 1  0  0       84.3 nm

7
-1  0  0       81.0 nm
 0 -1  0       85.5 nm
 0  0 -1      155.4 nm
 0  0  1      155.4 nm
 0  1  0       85.5 nm
 1  0  0       81.0 nm

8
-1  0  0       74.9 nm
 0 -1  0       77.0 nm
 0  0 -1      159.2 nm
 0  0  1      159.2 nm
 0  1  0       77.0 nm
 1  0  0       74.9 nm

9
-1  0  0       69.9 nm
 0 -1  0       65.3 nm
 0  0 -1      169.7 nm
 0  0  1      169.7 nm
 0  1  0       65.3 nm
 1  0  0       69.9 nm

10
-1  0  0       67.8 nm
 0 -1  0       55.5 nm
 0  0 -1      188.6 nm
 0  0  1      188.6 nm
 0  1  0       55.5 nm
 1  0  0       67.8 nm

11
-1  0  0       65.0 nm
 0 -1  0       51.5 nm
 0  0 -1      205.9 nm
 0  0  1      205.9 nm
 0  1  0       51.5 nm
 1  0  0       65.0 nm

12
-1  0  0       63.5 nm
 0 -1  0       47.0 nm
 0  0 -1      220.9 nm
 0  0  1      220.9 nm
 0  1  0       47.0 nm
 1  0  0       63.5 nm

13
-1  0  0       62.8 nm
 0 -1  0       45.6 nm
 0  0 -1      228.9 nm
 0  0  1      228.9 nm
 0  1  0       45.6 nm
 1  0  0       62.8 nm

14
-1  0  0       61.7 nm
 0 -1  0       45.6 nm
 0  0 -1      235.7 nm
 0  0  1      235.7 nm
 0  1  0       45.6 nm
 1  0  0       61.7 nm

15
-1  0  0       60.7 nm
 0 -1  0       45.6 nm
 0  0 -1      240.6 nm
 0  0  1      240.6 nm
 0  1  0       45.6 nm
 1  0  0       60.7 nm

16
-1  0  0       61.5 nm
 0 -1  0       44.0 nm
 0  0 -1      242.3 nm
 0  0  1      242.3 nm
 0  1  0       44.0 nm
 1  0  0       61.5 nm

17
-1  0  0       61.0 nm
 0 -1  0       44.0 nm
 0  0 -1      243.1 nm
 0  0  1      243.1 nm
 0  1  0       44.0 nm
 1  0  0       61.0 nm

18
-1  0  0       61.0 nm
 0 -1  0       44.6 nm
 0  0 -1      242.6 nm
 0  0  1      242.6 nm
 0  1  0       44.6 nm
 1  0  0       61.0 nm

19
-1  0  0       61.0 nm
 0 -1  0       44.6 nm
 0  0 -1      239.5 nm
 0  0  1      239.5 nm
 0  1  0       44.6 nm
 1  0  0       61.0 nm

20
-1  0  0       61.7 nm
 0 -1  0       45.6 nm
 0  0 -1      239.7 nm
 0  0  1      239.7 nm
 0  1  0       45.6 nm
 1  0  0       61.7 nm

21
-1  0  0       61.7 nm
 0 -1  0       44.6 nm
 0  0 -1      242.6 nm
 0  0  1      242.6 nm
 0  1  0       44.6 nm
 1  0  0       61.7 nm

22
-1  0  0       61.7 nm
 0 -1  0       45.0 nm
 0  0 -1      242.1 nm
 0  0  1      242.1 nm
 0  1  0       45.0 nm
 1  0  0       61.7 nm

23
-1  0  0       61.5 nm
 0 -1  0       44.6 nm
 0  0 -1      239.7 nm
 0  0  1      239.7 nm
 0  1  0       44.6 nm
 1  0  0       61.5 nm

24
-1  0  0       61.0 nm
 0 -1  0       46.0 nm
 0  0 -1      240.8 nm
 0  0  1      240.8 nm
 0  1  0       46.0 nm
 1  0  0       61.0 nm

25
-1  0  0       61.7 nm
 0 -1  0       45.6 nm
 0  0 -1      240.3 nm
 0  0  1      240.3 nm
 0  1  0       45.6 nm
 1  0  0       61.7 nm

26
-1  0  0       61.7 nm
 0 -1  0       45.6 nm
 0  0 -1      241.3 nm
 0  0  1      241.3 nm
 0  1  0       45.6 nm
 1  0  0       61.7 nm

27
-1  0  0       60.9 nm
 0 -1  0       45.6 nm
 0  0 -1      240.8 nm
 0  0  1      240.8 nm
 0  1  0       45.6 nm
 1  0  0       60.9 nm

28
-1  0  0       61.9 nm
 0 -1  0       45.0 nm
 0  0 -1      240.3 nm
 0  0  1      240.3 nm
 0  1  0       45.0 nm
 1  0  0       61.9 nm

29
-1  0  0       62.1 nm
 0 -1  0       45.6 nm
 0  0 -1      238.0 nm
 0  0  1      238.0 nm
 0  1  0       45.6 nm
 1  0  0       62.1 nm

30
-1  0  0       60.8 nm
 0 -1  0       45.6 nm
 0  0 -1      241.2 nm
 0  0  1      241.2 nm
 0  1  0       45.6 nm
 1  0  0       60.8 nm

31
-1  0  0       62.0 nm
 0 -1  0       46.6 nm
 0  0 -1      240.4 nm
 0  0  1      240.4 nm
 0  1  0       46.6 nm
 1  0  0       62.0 nm

32
-1  0  0       62.5 nm
 0 -1  0       46.0 nm
 0  0 -1      239.4 nm
 0  0  1      239.4 nm
 0  1  0       46.0 nm
 1  0  0       62.5 nm

33
-1  0  0       62.0 nm
 0 -1  0       46.6 nm
 0  0 -1      241.0 nm
 0  0  1      241.0 nm
 0  1  0       46.6 nm
 1  0  0       62.0 nm

34
-1  0  0       62.1 nm
 0 -1  0       46.0 nm
 0  0 -1      241.2 nm
 0  0  1      241.2 nm
 0  1  0       46.0 nm
 1  0  0       62.1 nm

35
-1  0  0       62.8 nm
 0 -1  0       45.6 nm
 0  0 -1      239.8 nm
 0  0  1      239.8 nm
 0  1  0       45.6 nm
 1  0  0       62.8 nm

36
-1  0  0       63.5 nm
 0 -1  0       47.0 nm
 0  0 -1      239.7 nm
 0  0  1      239.7 nm
 0  1  0       47.0 nm
 1  0  0       63.5 nm

37
-1  0  0       62.8 nm
 0 -1  0       47.0 nm
 0  0 -1      241.6 nm
 0  0  1      241.6 nm
 0  1  0       47.0 nm
 1  0  0       62.8 nm

38
-1  0  0       61.7 nm
 0 -1  0       47.6 nm
 0  0 -1      241.6 nm
 0  0  1      241.6 nm
 0  1  0       47.6 nm
 1  0  0       61.7 nm

39
-1  0  0       62.8 nm
 0 -1  0       46.6 nm
 0  0 -1      243.5 nm
 0  0  1      243.5 nm
 0  1  0       46.6 nm
 1  0  0       62.8 nm

