0
-1  0  0       82.4 nm
 0 -1  0       83.9 nm
 0  0 -1      176.9 nm
 0  0  1      176.9 nm
 0  1  0       83.9 nm
 1  0  0       82.4 nm

1
-1  0  0       81.8 nm
 0 -1  0       81.9 nm
 0  0 -1      177.4 nm
 0  0  1      177.4 nm
 0  1  0       81.9 nm
 1  0  0       81.8 nm

2
-1  0  0       82.4 nm
 0 -1  0       82.9 nm
 0  0 -1      175.6 nm
 0  0  1      175.6 nm
 0  1  0       82.9 nm
 1  0  0       82.4 nm

3
-1  0  0       83.4 nm
 0 -1  0       83.9 nm
 0  0 -1      175.6 nm
 0  0  1      175.6 nm
 0  1  0       83.9 nm
 1  0  0       83.4 nm

4
-1  0  0       83.4 nm
 0 -1  0       83.9 nm
 0  0 -1      170.8 nm
 0  0  1      170.8 nm
 0  1  0       83.9 nm
 1  0  0       83.4 nm

5
-1  0  0       84.4 nm
 0 -1  0       84.9 nm
 0  0 -1      166.6 nm
 0  0  1      166.6 nm
 0  1  0       84.9 nm
 1  0  0       84.4 nm

6
-1  0  0       82.1 nm
 0 -1  0       85.5 nm
 0  0 -1      163.4 nm
 0  0  1      163.4 nm
 0  1  0       85.5 nm
 1  0  0       82.1 nm

7
-1  0  0       79.3 nm
 0 -1  0       85.5 nm
 0  0 -1      160.5 nm
 0  0  1      160.5 nm
 0  1  0       85.5 nm
 1  0  0       79.3 nm

8
-1  0  0       72.9 nm
 0 -1  0       80.1 nm
 0  0 -1      162.0 nm
 0  0  1      162.0 nm
 0  1  0       80.1 nm
 1  0  0       72.9 nm

9
-1  0  0       67.5 nm
 0 -1  0       67.3 nm
 0  0 -1      173.0 nm
 0  0  1      173.0 nm
 0  1  0       67.3 nm
 1  0  0       67.5 nm

10
-1  0  0       63.5 nm
 0 -1  0       58.4 nm
 0  0 -1      189.2 nm
 0  0  1      189.2 nm
 0  1  0       58.4 nm
 1  0  0       63.5 nm

11
-1  0  0       62.0 nm
 0 -1  0       52.5 nm
 0  0 -1      207.5 nm
 0  0  1      207.5 nm
 0  1  0       52.5 nm
 1  0  0       62.0 nm

12
-1  0  0       60.0 nm
 0 -1  0       49.6 nm
 0  0 -1      224.3 nm
 0  0  1      224.3 nm
 0  1  0       49.6 nm
 1  0  0       60.0 nm

13
-1  0  0       57.7 nm
 0 -1  0       47.6 nm
 0  0 -1      237.4 nm
 0  0  1      237.4 nm
 0  1  0       47.6 nm
 1  0  0       57.7 nm

14
-1  0  0       58.7 nm
 0 -1  0       45.6 nm
 0  0 -1      242.8 nm
 0  0  1      242.8 nm
 0  1  0       45.6 nm
 1  0  0       58.7 nm

15
-1  0  0       57.1 nm
 0 -1  0       45.6 nm
 0  0 -1      246.3 nm
 0  0  1      246.3 nm
 0  1  0       45.6 nm
 1  0  0       57.1 nm

16
-1  0  0       57.7 nm
 0 -1  0       45.6 nm
 0  0 -1      250.2 nm
 0  0  1      250.2 nm
 0  1  0       45.6 nm
 1  0  0       57.7 nm

17
-1  0  0       58.0 nm
 0 -1  0       44.6 nm
 0  0 -1      251.7 nm
 0  0  1      251.7 nm
 0  1  0       44.6 nm
 1  0  0       58.0 nm

18
-1  0  0       58.1 nm
 0 -1  0       45.0 nm
 0  0 -1      249.3 nm
 0  0  1      249.3 nm
 0  1  0       45.0 nm
 1  0  0       58.1 nm

19
-1  0  0       56.7 nm
 0 -1  0       45.6 nm
 0  0 -1      249.9 nm
 0  0  1      249.9 nm
 0  1  0       45.6 nm
 1  0  0       56.7 nm

20
-1  0  0       57.7 nm
 0 -1  0       45.0 nm
 0  0 -1      249.3 nm
 0  0  1      249.3 nm
 0  1  0       45.0 nm
 1  0  0       57.7 nm

21
-1  0  0       57.7 nm
 0 -1  0       44.6 nm
 0  0 -1      248.7 nm
 0  0  1      248.7 nm
 0  1  0       44.6 nm
 1  0  0       57.7 nm

22
-1  0  0       58.1 nm
 0 -1  0       44.6 nm
 0  0 -1      249.5 nm
 0  0  1      249.5 nm
 0  1  0       44.6 nm
 1  0  0       58.1 nm

23
-1  0  0       57.7 nm
 0 -1  0       45.6 nm
 0  0 -1      247.3 nm
 0  0  1      247.3 nm
 0  1  0       45.6 nm
 1  0  0       57.7 nm

24
-1  0  0       57.0 nm
 0 -1  0       46.6 nm
 0  0 -1      248.2 nm
 0  0  1      248.2 nm
 0  1  0       46.6 nm
 1  0  0       57.0 nm

25
-1  0  0       57.0 nm
 0 -1  0       46.0 nm
 0  0 -1      247.6 nm
 0  0  1      247.6 nm
 0  1  0       46.0 nm
 1  0  0       57.0 nm

26
-1  0  0       57.5 nm
 0 -1  0       46.6 nm
 0  0 -1      248.1 nm
 0  0  1      248.1 nm
 0  1  0       46.6 nm
 1  0  0       57.5 nm

27
-1  0  0       56.7 nm
 0 -1  0       46.0 nm
 0  0 -1      247.7 nm
 0  0  1      247.7 nm
 0  1  0       46.0 nm
 1  0  0       56.7 nm

28
-1  0  0       57.9 nm
 0 -1  0       45.6 nm
 0  0 -1      248.5 nm
 0  0  1      248.5 nm
 0  1  0       45.6 nm
 1  0  0       57.9 nm

29
-1  0  0       58.0 nm
 0 -1  0       45.6 nm
 0  0 -1      248.2 nm
 0  0  1      248.2 nm
 0  1  0       45.6 nm
 1  0  0       58.0 nm

30
-1  0  0       58.5 nm
 0 -1  0       47.0 nm
 0  0 -1      248.7 nm
 0  0  1      248.7 nm
 0  1  0       47.0 nm
 1  0  0       58.5 nm

31
-1  0  0       57.5 nm
 0 -1  0       46.4 nm
 0  0 -1      249.9 nm
 0  0  1      249.9 nm
 0  1  0       46.4 nm
 1  0  0       57.5 nm

32
-1  0  0       57.7 nm
 0 -1  0       46.6 nm
 0  0 -1      248.8 nm
 0  0  1      248.8 nm
 0  1  0       46.6 nm
 1  0  0       57.7 nm

33
-1  0  0       57.7 nm
 0 -1  0       47.0 nm
 0  0 -1      248.2 nm
 0  0  1      248.2 nm
 0  1  0       47.0 nm
 1  0  0       57.7 nm

34
-1  0  0       58.0 nm
 0 -1  0       46.6 nm
 0  0 -1      247.4 nm
 0  0  1      247.4 nm
 0  1  0       46.6 nm
 1  0  0       58.0 nm

35
-1  0  0       58.5 nm
 0 -1  0       47.6 nm
 0  0 -1      247.4 nm
 0  0  1      247.4 nm
 0  1  0       47.6 nm
 1  0  0       58.5 nm

36
-1  0  0       58.5 nm
 0 -1  0       48.6 nm
 0  0 -1      249.5 nm
 0  0  1      249.5 nm
 0  1  0       48.6 nm
 1  0  0       58.5 nm

37
-1  0  0       58.0 nm
 0 -1  0       47.6 nm
 0  0 -1      250.8 nm
 0  0  1      250.8 nm
 0  1  0       47.6 nm
 1  0  0       58.0 nm

38
-1  0  0       57.8 nm
 0 -1  0       48.6 nm
 0  0 -1      250.2 nm
 0  0  1      250.2 nm
 0  1  0       48.6 nm
 1  0  0       57.8 nm

39
-1  0  0       57.7 nm
 0 -1  0       47.6 nm
 0  0 -1      249.6 nm
 0  0  1      249.6 nm
 0  1  0       47.6 nm
 1  0  0       57.7 nm

