0
-1  0  0       49.7 nm
 0 -1  0      404.6 nm
 0  0 -1       79.7 nm
 0  0  1       79.7 nm
 0  1  0      404.6 nm
 1  0  0       49.7 nm

1
-1  0  0       55.3 nm
 0 -1  0      401.5 nm
 0  0 -1       81.5 nm
 0  0  1       81.5 nm
 0  1  0      401.5 nm
 1  0  0       55.3 nm

2
-1  0  0       63.4 nm
 0 -1  0      238.0 nm
 0  0 -1       88.9 nm
 0  0  1       88.9 nm
 0  1  0      238.0 nm
 1  0  0       63.4 nm

3
-1  0  0       72.8 nm
 0 -1  0      168.4 nm
 0  0 -1       96.8 nm
 0  0  1       96.8 nm
 0  1  0      168.4 nm
 1  0  0       72.8 nm

4
-1  0  0       82.8 nm
 0 -1  0      123.0 nm
 0  0 -1      103.4 nm
 0  0  1      103.4 nm
 0  1  0      123.0 nm
 1  0  0       82.8 nm

5
-1  0  0       87.8 nm
 0 -1  0       98.7 nm
 0  0 -1      113.9 nm
 0  0  1      113.9 nm
 0  1  0       98.7 nm
 1  0  0       87.8 nm

6
-1  0  0       89.5 nm
 0 -1  0       89.4 nm
 0  0 -1      119.2 nm
 0  0  1      119.2 nm
 0  1  0       89.4 nm
 1  0  0       89.5 nm

7
-1  0  0       89.5 nm
 0 -1  0       84.9 nm
 0  0 -1      124.4 nm
 0  0  1      124.4 nm
 0  1  0       84.9 nm
 1  0  0       89.5 nm

8
-1  0  0       86.5 nm
 0 -1  0       82.5 nm
 0  0 -1      127.7 nm
 0  0  1      127.7 nm
 0  1  0       82.5 nm
 1  0  0       86.5 nm

9
-1  0  0       86.5 nm
 0 -1  0       81.5 nm
 0  0 -1      126.4 nm
 0  0  1      126.4 nm
 0  1  0       81.5 nm
 1  0  0       86.5 nm

10
-1  0  0       85.5 nm
 0 -1  0       79.5 nm
 0  0 -1      129.0 nm
 0  0  1      129.0 nm
 0  1  0       79.5 nm
 1  0  0       85.5 nm

11
-1  0  0       85.5 nm
 0 -1  0       77.0 nm
 0  0 -1      130.3 nm
 0  0  1      130.3 nm
 0  1  0       77.0 nm
 1  0  0       85.5 nm

12
-1  0  0       86.5 nm
 0 -1  0       74.0 nm
 0  0 -1      129.7 nm
 0  0  1      129.7 nm
 0  1  0       74.0 nm
 1  0  0       86.5 nm

13
-1  0  0       86.5 nm
 0 -1  0       71.1 nm
 0  0 -1      135.4 nm
 0  0  1      135.4 nm
 0  1  0       71.1 nm
 1  0  0       86.5 nm

14
-1  0  0       87.5 nm
 0 -1  0       69.1 nm
 0  0 -1      138.2 nm
 0  0  1      138.2 nm
 0  1  0       69.1 nm
 1  0  0       87.5 nm

15
-1  0  0       88.8 nm
 0 -1  0       67.1 nm
 0  0 -1      140.2 nm
 0  0  1      140.2 nm
 0  1  0       67.1 nm
 1  0  0       88.8 nm

16
-1  0  0       89.5 nm
 0 -1  0       66.1 nm
 0  0 -1      140.9 nm
 0  0  1      140.9 nm
 0  1  0       66.1 nm
 1  0  0       89.5 nm

17
-1  0  0       91.9 nm
 0 -1  0       63.2 nm
 0  0 -1      144.1 nm
 0  0  1      144.1 nm
 0  1  0       63.2 nm
 1  0  0       91.9 nm

18
-1  0  0       93.5 nm
 0 -1  0       62.2 nm
 0  0 -1      144.8 nm
 0  0  1      144.8 nm
 0  1  0       62.2 nm
 1  0  0       93.5 nm

19
-1  0  0       92.5 nm
 0 -1  0       62.2 nm
 0  0 -1      144.8 nm
 0  0  1      144.8 nm
 0  1  0       62.2 nm
 1  0  0       92.5 nm

20
-1  0  0       96.1 nm
 0 -1  0       60.2 nm
 0  0 -1      148.7 nm
 0  0  1      148.7 nm
 0  1  0       60.2 nm
 1  0  0       96.1 nm

21
-1  0  0       95.5 nm
 0 -1  0       58.2 nm
 0  0 -1      150.7 nm
 0  0  1      150.7 nm
 0  1  0       58.2 nm
 1  0  0       95.5 nm

22
-1  0  0       96.5 nm
 0 -1  0       59.2 nm
 0  0 -1      149.4 nm
 0  0  1      149.4 nm
 0  1  0       59.2 nm
 1  0  0       96.5 nm

23
-1  0  0       95.5 nm
 0 -1  0       59.2 nm
 0  0 -1      150.7 nm
 0  0  1      150.7 nm
 0  1  0       59.2 nm
 1  0  0       95.5 nm

24
-1  0  0       96.9 nm
 0 -1  0       58.2 nm
 0  0 -1      151.4 nm
 0  0  1      151.4 nm
 0  1  0       58.2 nm
 1  0  0       96.9 nm

25
-1  0  0       98.5 nm
 0 -1  0       57.2 nm
 0  0 -1      155.3 nm
 0  0  1      155.3 nm
 0  1  0       57.2 nm
 1  0  0       98.5 nm

26
-1  0  0      100.5 nm
 0 -1  0       56.3 nm
 0  0 -1      154.0 nm
 0  0  1      154.0 nm
 0  1  0       56.3 nm
 1  0  0      100.5 nm

27
-1  0  0      100.5 nm
 0 -1  0       57.2 nm
 0  0 -1      150.1 nm
 0  0  1      150.1 nm
 0  1  0       57.2 nm
 1  0  0      100.5 nm

28
-1  0  0       98.5 nm
 0 -1  0       58.2 nm
 0  0 -1      152.7 nm
 0  0  1      152.7 nm
 0  1  0       58.2 nm
 1  0  0       98.5 nm

29
-1  0  0       98.5 nm
 0 -1  0       57.2 nm
 0  0 -1      154.0 nm
 0  0  1      154.0 nm
 0  1  0       57.2 nm
 1  0  0       98.5 nm

30
-1  0  0      102.5 nm
 0 -1  0       56.3 nm
 0  0 -1      154.7 nm
 0  0  1      154.7 nm
 0  1  0       56.3 nm
 1  0  0      102.5 nm

31
-1  0  0      100.5 nm
 0 -1  0       58.2 nm
 0  0 -1      154.0 nm
 0  0  1      154.0 nm
 0  1  0       58.2 nm
 1  0  0      100.5 nm

32
-1  0  0      100.5 nm
 0 -1  0       57.2 nm
 0  0 -1      154.7 nm
 0  0  1      154.7 nm
 0  1  0       57.2 nm
 1  0  0      100.5 nm

33
-1  0  0      102.5 nm
 0 -1  0       56.3 nm
 0  0 -1      152.7 nm
 0  0  1      152.7 nm
 0  1  0       56.3 nm
 1  0  0      102.5 nm

34
-1  0  0      100.9 nm
 0 -1  0       57.2 nm
 0  0 -1      155.3 nm
 0  0  1      155.3 nm
 0  1  0       57.2 nm
 1  0  0      100.9 nm

35
-1  0  0      100.5 nm
 0 -1  0       58.2 nm
 0  0 -1      154.7 nm
 0  0  1      154.7 nm
 0  1  0       58.2 nm
 1  0  0      100.5 nm

36
-1  0  0      103.6 nm
 0 -1  0       55.3 nm
 0  0 -1      156.0 nm
 0  0  1      156.0 nm
 0  1  0       55.3 nm
 1  0  0      103.6 nm

37
-1  0  0      102.9 nm
 0 -1  0       56.3 nm
 0  0 -1      153.8 nm
 0  0  1      153.8 nm
 0  1  0       56.3 nm
 1  0  0      102.9 nm

38
-1  0  0      103.9 nm
 0 -1  0       55.3 nm
 0  0 -1      155.3 nm
 0  0  1      155.3 nm
 0  1  0       55.3 nm
 1  0  0      103.9 nm

39
-1  0  0      102.5 nm
 0 -1  0       56.8 nm
 0  0 -1      157.7 nm
 0  0  1      157.7 nm
 0  1  0       56.8 nm
 1  0  0      102.5 nm

