0
-1  0  0       81.8 nm
 0 -1  0       81.3 nm
 0  0 -1      180.8 nm
 0  0  1      180.8 nm
 0  1  0       81.3 nm
 1  0  0       81.8 nm

1
-1  0  0       81.4 nm
 0 -1  0       79.9 nm
 0  0 -1      182.1 nm
 0  0  1      182.1 nm
 0  1  0       79.9 nm
 1  0  0       81.4 nm

2
-1  0  0       82.4 nm
 0 -1  0       80.9 nm
 0  0 -1      180.8 nm
 0  0  1      180.8 nm
 0  1  0       80.9 nm
 1  0  0       82.4 nm

3
-1  0  0       83.4 nm
 0 -1  0       82.9 nm
 0  0 -1      176.8 nm
 0  0  1      176.8 nm
 0  1  0       82.9 nm
 1  0  0       83.4 nm

4
-1  0  0       82.4 nm
 0 -1  0       81.9 nm
 0  0 -1      174.4 nm
 0  0  1      174.4 nm
 0  1  0       81.9 nm
 1  0  0       82.4 nm

5
-1  0  0       84.4 nm
 0 -1  0       82.9 nm
 0  0 -1      169.8 nm
 0  0  1      169.8 nm
 0  1  0       82.9 nm
 1  0  0       84.4 nm

6
-1  0  0       82.4 nm
 0 -1  0       83.5 nm
 0  0 -1      166.1 nm
 0  0  1      166.1 nm
 0  1  0       83.5 nm
 1  0  0       82.4 nm

7
-1  0  0       79.3 nm
 0 -1  0       84.5 nm
 0  0 -1      164.1 nm
 0  0  1      164.1 nm
 0  1  0       84.5 nm
 1  0  0       79.3 nm

8
-1  0  0       72.9 nm
 0 -1  0       82.1 nm
 0  0 -1      164.2 nm
 0  0  1      164.2 nm
 0  1  0       82.1 nm
 1  0  0       72.9 nm

9
-1  0  0       64.5 nm
 0 -1  0       71.3 nm
 0  0 -1      173.6 nm
 0  0  1      173.6 nm
 0  1  0       71.3 nm
 1  0  0       64.5 nm

10
-1  0  0       61.1 nm
 0 -1  0       61.4 nm
 0  0 -1      188.4 nm
 0  0  1      188.4 nm
 0  1  0       61.4 nm
 1  0  0       61.1 nm

11
-1  0  0       59.9 nm
 0 -1  0       54.5 nm
 0  0 -1      210.1 nm
 0  0  1      210.1 nm
 0  1  0       54.5 nm
 1  0  0       59.9 nm

12
-1  0  0       57.7 nm
 0 -1  0       51.5 nm
 0  0 -1      226.6 nm
 0  0  1      226.6 nm
 0  1  0       51.5 nm
 1  0  0       57.7 nm

13
-1  0  0       55.7 nm
 0 -1  0       48.0 nm
 0  0 -1      242.2 nm
 0  0  1      242.2 nm
 0  1  0       48.0 nm
 1  0  0       55.7 nm

14
-1  0  0       53.9 nm
 0 -1  0       47.0 nm
 0  0 -1      248.8 nm
 0  0  1      248.8 nm
 0  1  0       47.0 nm
 1  0  0       53.9 nm

15
-1  0  0       54.7 nm
 0 -1  0       46.6 nm
 0  0 -1      253.8 nm
 0  0  1      253.8 nm
 0  1  0       46.6 nm
 1  0  0       54.7 nm

16
-1  0  0       54.9 nm
 0 -1  0       45.6 nm
 0  0 -1      256.4 nm
 0  0  1      256.4 nm
 0  1  0       45.6 nm
 1  0  0       54.9 nm

17
-1  0  0       54.1 nm
 0 -1  0       45.0 nm
 0  0 -1      256.9 nm
 0  0  1      256.9 nm
 0  1  0       45.0 nm
 1  0  0       54.1 nm

18
-1  0  0       54.1 nm
 0 -1  0       45.6 nm
 0  0 -1      256.4 nm
 0  0  1      256.4 nm
 0  1  0       45.6 nm
 1  0  0       54.1 nm

19
-1  0  0       54.8 nm
 0 -1  0       46.0 nm
 0  0 -1      256.5 nm
 0  0  1      256.5 nm
 0  1  0       46.0 nm
 1  0  0       54.8 nm

20
-1  0  0       54.8 nm
 0 -1  0       44.6 nm
 0  0 -1      255.6 nm
 0  0  1      255.6 nm
 0  1  0       44.6 nm
 1  0  0       54.8 nm

21
-1  0  0       56.0 nm
 0 -1  0       46.6 nm
 0  0 -1      252.7 nm
 0  0  1      252.7 nm
 0  1  0       46.6 nm
 1  0  0       56.0 nm

22
-1  0  0       53.9 nm
 0 -1  0       46.6 nm
 0  0 -1      257.7 nm
 0  0  1      257.7 nm
 0  1  0       46.6 nm
 1  0  0       53.9 nm

23
-1  0  0       54.7 nm
 0 -1  0       46.6 nm
 0  0 -1      255.1 nm
 0  0  1      255.1 nm
 0  1  0       46.6 nm
 1  0  0       54.7 nm

24
-1  0  0       54.7 nm
 0 -1  0       46.6 nm
 0  0 -1      252.7 nm
 0  0  1      252.7 nm
 0  1  0       46.6 nm
 1  0  0       54.7 nm

25
-1  0  0       54.7 nm
 0 -1  0       46.6 nm
 0  0 -1      253.7 nm
 0  0  1      253.7 nm
 0  1  0       46.6 nm
 1  0  0       54.7 nm

26
-1  0  0       54.7 nm
 0 -1  0       46.0 nm
 0  0 -1      254.0 nm
 0  0  1      254.0 nm
 0  1  0       46.0 nm
 1  0  0       54.7 nm

27
-1  0  0       54.9 nm
 0 -1  0       46.6 nm
 0  0 -1      254.0 nm
 0  0  1      254.0 nm
 0  1  0       46.6 nm
 1  0  0       54.9 nm

28
-1  0  0       54.9 nm
 0 -1  0       46.6 nm
 0  0 -1      254.7 nm
 0  0  1      254.7 nm
 0  1  0       46.6 nm
 1  0  0       54.9 nm

29
-1  0  0       54.9 nm
 0 -1  0       47.0 nm
 0  0 -1      254.1 nm
 0  0  1      254.1 nm
 0  1  0       47.0 nm
 1  0  0       54.9 nm

30
-1  0  0       54.7 nm
 0 -1  0       47.6 nm
 0  0 -1      254.1 nm
 0  0  1      254.1 nm
 0  1  0       47.6 nm
 1  0  0       54.7 nm

31
-1  0  0       55.8 nm
 0 -1  0       46.6 nm
 0  0 -1      253.3 nm
 0  0  1      253.3 nm
 0  1  0       46.6 nm
 1  0  0       55.8 nm

32
-1  0  0       54.7 nm
 0 -1  0       47.6 nm
 0  0 -1      255.9 nm
 0  0  1      255.9 nm
 0  1  0       47.6 nm
 1  0  0       54.7 nm

33
-1  0  0       55.5 nm
 0 -1  0       47.6 nm
 0  0 -1      254.9 nm
 0  0  1      254.9 nm
 0  1  0       47.6 nm
 1  0  0       55.5 nm

34
-1  0  0       54.9 nm
 0 -1  0       48.6 nm
 0  0 -1      256.1 nm
 0  0  1      256.1 nm
 0  1  0       48.6 nm
 1  0  0       54.9 nm

35
-1  0  0       54.9 nm
 0 -1  0       48.6 nm
 0  0 -1      255.6 nm
 0  0  1      255.6 nm
 0  1  0       48.6 nm
 1  0  0       54.9 nm

36
-1  0  0       55.7 nm
 0 -1  0       47.6 nm
 0  0 -1      256.1 nm
 0  0  1      256.1 nm
 0  1  0       47.6 nm
 1  0  0       55.7 nm

37
-1  0  0       56.0 nm
 0 -1  0       47.6 nm
 0  0 -1      254.7 nm
 0  0  1      254.7 nm
 0  1  0       47.6 nm
 1  0  0       56.0 nm

38
-1  0  0       55.7 nm
 0 -1  0       47.6 nm
 0  0 -1      258.6 nm
 0  0  1      258.6 nm
 0  1  0       47.6 nm
 1  0  0       55.7 nm

39
-1  0  0       54.9 nm
 0 -1  0       48.0 nm
 0  0 -1      254.7 nm
 0  0  1      254.7 nm
 0  1  0       48.0 nm
 1  0  0       54.9 nm

