0
-1  0  0       81.8 nm
 0 -1  0       80.9 nm
 0  0 -1      183.3 nm
 0  0  1      183.3 nm
 0  1  0       80.9 nm
 1  0  0       81.8 nm

1
-1  0  0       81.4 nm
 0 -1  0       79.9 nm
 0  0 -1      184.6 nm
 0  0  1      184.6 nm
 0  1  0       79.9 nm
 1  0  0       81.4 nm

2
-1  0  0       82.4 nm
 0 -1  0       79.9 nm
 0  0 -1      183.4 nm
 0  0  1      183.4 nm
 0  1  0       79.9 nm
 1  0  0       82.4 nm

3
-1  0  0       81.8 nm
 0 -1  0       79.9 nm
 0  0 -1      181.8 nm
 0  0  1      181.8 nm
 0  1  0       79.9 nm
 1  0  0       81.8 nm

4
-1  0  0       82.4 nm
 0 -1  0       80.9 nm
 0  0 -1      177.6 nm
 0  0  1      177.6 nm
 0  1  0       80.9 nm
 1  0  0       82.4 nm

5
-1  0  0       82.4 nm
 0 -1  0       81.9 nm
 0  0 -1      173.8 nm
 0  0  1      173.8 nm
 0  1  0       81.9 nm
 1  0  0       82.4 nm

6
-1  0  0       82.4 nm
 0 -1  0       83.5 nm
 0  0 -1      169.2 nm
 0  0  1      169.2 nm
 0  1  0       83.5 nm
 1  0  0       82.4 nm

7
-1  0  0       78.4 nm
 0 -1  0       84.5 nm
 0  0 -1      167.2 nm
 0  0  1      167.2 nm
 0  1  0       84.5 nm
 1  0  0       78.4 nm

8
-1  0  0       71.9 nm
 0 -1  0       82.5 nm
 0  0 -1      168.1 nm
 0  0  1      168.1 nm
 0  1  0       82.5 nm
 1  0  0       71.9 nm

9
-1  0  0       63.9 nm
 0 -1  0       74.6 nm
 0  0 -1      173.8 nm
 0  0  1      173.8 nm
 0  1  0       74.6 nm
 1  0  0       63.9 nm

10
-1  0  0       60.7 nm
 0 -1  0       64.4 nm
 0  0 -1      188.3 nm
 0  0  1      188.3 nm
 0  1  0       64.4 nm
 1  0  0       60.7 nm

11
-1  0  0       57.1 nm
 0 -1  0       56.5 nm
 0  0 -1      209.1 nm
 0  0  1      209.1 nm
 0  1  0       56.5 nm
 1  0  0       57.1 nm

12
-1  0  0       56.0 nm
 0 -1  0       52.5 nm
 0  0 -1      228.5 nm
 0  0  1      228.5 nm
 0  1  0       52.5 nm
 1  0  0       56.0 nm

13
-1  0  0       53.9 nm
 0 -1  0       49.6 nm
 0  0 -1      243.3 nm
 0  0  1      243.3 nm
 0  1  0       49.6 nm
 1  0  0       53.9 nm

14
-1  0  0       53.1 nm
 0 -1  0       48.0 nm
 0  0 -1      253.6 nm
 0  0  1      253.6 nm
 0  1  0       48.0 nm
 1  0  0       53.1 nm

15
-1  0  0       52.8 nm
 0 -1  0       46.6 nm
 0  0 -1      260.1 nm
 0  0  1      260.1 nm
 0  1  0       46.6 nm
 1  0  0       52.8 nm

16
-1  0  0       52.9 nm
 0 -1  0       47.0 nm
 0  0 -1      262.2 nm
 0  0  1      262.2 nm
 0  1  0       47.0 nm
 1  0  0       52.9 nm

17
-1  0  0       53.1 nm
 0 -1  0       45.6 nm
 0  0 -1      261.3 nm
 0  0  1      261.3 nm
 0  1  0       45.6 nm
 1  0  0       53.1 nm

18
-1  0  0       52.9 nm
 0 -1  0       46.0 nm
 0  0 -1      262.7 nm
 0  0  1      262.7 nm
 0  1  0       46.0 nm
 1  0  0       52.9 nm

19
-1  0  0       53.7 nm
 0 -1  0       46.6 nm
 0  0 -1      260.7 nm
 0  0  1      260.7 nm
 0  1  0       46.6 nm
 1  0  0       53.7 nm

20
-1  0  0       52.9 nm
 0 -1  0       45.6 nm
 0  0 -1      261.3 nm
 0  0  1      261.3 nm
 0  1  0       45.6 nm
 1  0  0       52.9 nm

21
-1  0  0       52.0 nm
 0 -1  0       46.6 nm
 0  0 -1      259.4 nm
 0  0  1      259.4 nm
 0  1  0       46.6 nm
 1  0  0       52.0 nm

22
-1  0  0       52.1 nm
 0 -1  0       47.0 nm
 0  0 -1      259.3 nm
 0  0  1      259.3 nm
 0  1  0       47.0 nm
 1  0  0       52.1 nm

23
-1  0  0       52.7 nm
 0 -1  0       46.6 nm
 0  0 -1      256.7 nm
 0  0  1      256.7 nm
 0  1  0       46.6 nm
 1  0  0       52.7 nm

24
-1  0  0       53.5 nm
 0 -1  0       46.6 nm
 0  0 -1      258.5 nm
 0  0  1      258.5 nm
 0  1  0       46.6 nm
 1  0  0       53.5 nm

25
-1  0  0       52.9 nm
 0 -1  0       47.6 nm
 0  0 -1      259.8 nm
 0  0  1      259.8 nm
 0  1  0       47.6 nm
 1  0  0       52.9 nm

26
-1  0  0       53.7 nm
 0 -1  0       47.0 nm
 0  0 -1      258.4 nm
 0  0  1      258.4 nm
 0  1  0       47.0 nm
 1  0  0       53.7 nm

27
-1  0  0       52.9 nm
 0 -1  0       47.6 nm
 0  0 -1      259.3 nm
 0  0  1      259.3 nm
 0  1  0       47.6 nm
 1  0  0       52.9 nm

28
-1  0  0       52.7 nm
 0 -1  0       47.6 nm
 0  0 -1      257.9 nm
 0  0  1      257.9 nm
 0  1  0       47.6 nm
 1  0  0       52.7 nm

29
-1  0  0       53.0 nm
 0 -1  0       47.6 nm
 0  0 -1      258.1 nm
 0  0  1      258.1 nm
 0  1  0       47.6 nm
 1  0  0       53.0 nm

30
-1  0  0       52.9 nm
 0 -1  0       48.6 nm
 0  0 -1      258.0 nm
 0  0  1      258.0 nm
 0  1  0       48.6 nm
 1  0  0       52.9 nm

31
-1  0  0       52.9 nm
 0 -1  0       47.6 nm
 0  0 -1      259.9 nm
 0  0  1      259.9 nm
 0  1  0       47.6 nm
 1  0  0       52.9 nm

32
-1  0  0       52.9 nm
 0 -1  0       47.6 nm
 0  0 -1      261.3 nm
 0  0  1      261.3 nm
 0  1  0       47.6 nm
 1  0  0       52.9 nm

33
-1  0  0       52.9 nm
 0 -1  0       48.6 nm
 0  0 -1      259.3 nm
 0  0  1      259.3 nm
 0  1  0       48.6 nm
 1  0  0       52.9 nm

34
-1  0  0       53.1 nm
 0 -1  0       48.0 nm
 0  0 -1      260.3 nm
 0  0  1      260.3 nm
 0  1  0       48.0 nm
 1  0  0       53.1 nm

35
-1  0  0       53.0 nm
 0 -1  0       48.0 nm
 0  0 -1      259.3 nm
 0  0  1      259.3 nm
 0  1  0       48.0 nm
 1  0  0       53.0 nm

36
-1  0  0       53.7 nm
 0 -1  0       48.6 nm
 0  0 -1      260.3 nm
 0  0  1      260.3 nm
 0  1  0       48.6 nm
 1  0  0       53.7 nm

37
-1  0  0       52.7 nm
 0 -1  0       49.6 nm
 0  0 -1      259.3 nm
 0  0  1      259.3 nm
 0  1  0       49.6 nm
 1  0  0       52.7 nm

38
-1  0  0       52.9 nm
 0 -1  0       49.6 nm
 0  0 -1      262.0 nm
 0  0  1      262.0 nm
 0  1  0       49.6 nm
 1  0  0       52.9 nm

39
-1  0  0       53.7 nm
 0 -1  0       49.6 nm
 0  0 -1      261.3 nm
 0  0  1      261.3 nm
 0  1  0       49.6 nm
 1  0  0       53.7 nm

