0
-1  0  0       82.4 nm
 0 -1  0       79.0 nm
 0  0 -1      186.1 nm
 0  0  1      186.1 nm
 0  1  0       79.0 nm
 1  0  0       82.4 nm

1
-1  0  0       82.4 nm
 0 -1  0       79.0 nm
 0  0 -1      185.4 nm
 0  0  1      185.4 nm
 0  1  0       79.0 nm
 1  0  0       82.4 nm

2
-1  0  0       82.4 nm
 0 -1  0       79.0 nm
 0  0 -1      185.4 nm
 0  0  1      185.4 nm
 0  1  0       79.0 nm
 1  0  0       82.4 nm

3
-1  0  0       81.9 nm
 0 -1  0       79.9 nm
 0  0 -1      183.4 nm
 0  0  1      183.4 nm
 0  1  0       79.9 nm
 1  0  0       81.9 nm

4
-1  0  0       82.4 nm
 0 -1  0       80.9 nm
 0  0 -1      178.8 nm
 0  0  1      178.8 nm
 0  1  0       80.9 nm
 1  0  0       82.4 nm

5
-1  0  0       83.3 nm
 0 -1  0       80.9 nm
 0  0 -1      174.5 nm
 0  0  1      174.5 nm
 0  1  0       80.9 nm
 1  0  0       83.3 nm

6
-1  0  0       81.8 nm
 0 -1  0       82.9 nm
 0  0 -1      171.0 nm
 0  0  1      171.0 nm
 0  1  0       82.9 nm
 1  0  0       81.8 nm

7
-1  0  0       78.4 nm
 0 -1  0       84.1 nm
 0  0 -1      168.8 nm
 0  0  1      168.8 nm
 0  1  0       84.1 nm
 1  0  0       78.4 nm

8
-1  0  0       71.9 nm
 0 -1  0       83.1 nm
 0  0 -1      169.4 nm
 0  0  1      169.4 nm
 0  1  0       83.1 nm
 1  0  0       71.9 nm

9
-1  0  0       63.9 nm
 0 -1  0       76.6 nm
 0  0 -1      175.9 nm
 0  0  1      175.9 nm
 0  1  0       76.6 nm
 1  0  0       63.9 nm

10
-1  0  0       59.7 nm
 0 -1  0       65.3 nm
 0  0 -1      189.2 nm
 0  0  1      189.2 nm
 0  1  0       65.3 nm
 1  0  0       59.7 nm

11
-1  0  0       56.0 nm
 0 -1  0       57.4 nm
 0  0 -1      210.8 nm
 0  0  1      210.8 nm
 0  1  0       57.4 nm
 1  0  0       56.0 nm

12
-1  0  0       54.5 nm
 0 -1  0       53.5 nm
 0  0 -1      230.4 nm
 0  0  1      230.4 nm
 0  1  0       53.5 nm
 1  0  0       54.5 nm

13
-1  0  0       52.7 nm
 0 -1  0       50.5 nm
 0  0 -1      244.2 nm
 0  0  1      244.2 nm
 0  1  0       50.5 nm
 1  0  0       52.7 nm

14
-1  0  0       51.0 nm
 0 -1  0       49.0 nm
 0  0 -1      254.7 nm
 0  0  1      254.7 nm
 0  1  0       49.0 nm
 1  0  0       51.0 nm

15
-1  0  0       50.7 nm
 0 -1  0       48.6 nm
 0  0 -1      262.7 nm
 0  0  1      262.7 nm
 0  1  0       48.6 nm
 1  0  0       50.7 nm

16
-1  0  0       50.9 nm
 0 -1  0       47.6 nm
 0  0 -1      262.7 nm
 0  0  1      262.7 nm
 0  1  0       47.6 nm
 1  0  0       50.9 nm

17
-1  0  0       50.9 nm
 0 -1  0       46.6 nm
 0  0 -1      265.9 nm
 0  0  1      265.9 nm
 0  1  0       46.6 nm
 1  0  0       50.9 nm

18
-1  0  0       50.9 nm
 0 -1  0       46.6 nm
 0  0 -1      265.9 nm
 0  0  1      265.9 nm
 0  1  0       46.6 nm
 1  0  0       50.9 nm

19
-1  0  0       51.9 nm
 0 -1  0       47.0 nm
 0  0 -1      264.2 nm
 0  0  1      264.2 nm
 0  1  0       47.0 nm
 1  0  0       51.9 nm

20
-1  0  0       50.0 nm
 0 -1  0       47.6 nm
 0  0 -1      265.1 nm
 0  0  1      265.1 nm
 0  1  0       47.6 nm
 1  0  0       50.0 nm

21
-1  0  0       51.7 nm
 0 -1  0       47.6 nm
 0  0 -1      263.1 nm
 0  0  1      263.1 nm
 0  1  0       47.6 nm
 1  0  0       51.7 nm

22
-1  0  0       51.7 nm
 0 -1  0       47.6 nm
 0  0 -1      261.9 nm
 0  0  1      261.9 nm
 0  1  0       47.6 nm
 1  0  0       51.7 nm

23
-1  0  0       52.5 nm
 0 -1  0       47.6 nm
 0  0 -1      260.9 nm
 0  0  1      260.9 nm
 0  1  0       47.6 nm
 1  0  0       52.5 nm

24
-1  0  0       50.9 nm
 0 -1  0       48.0 nm
 0  0 -1      263.2 nm
 0  0  1      263.2 nm
 0  1  0       48.0 nm
 1  0  0       50.9 nm

25
-1  0  0       51.7 nm
 0 -1  0       46.6 nm
 0  0 -1      263.1 nm
 0  0  1      263.1 nm
 0  1  0       46.6 nm
 1  0  0       51.7 nm

26
-1  0  0       51.7 nm
 0 -1  0       46.6 nm
 0  0 -1      261.9 nm
 0  0  1      261.9 nm
 0  1  0       46.6 nm
 1  0  0       51.7 nm

27
-1  0  0       52.2 nm
 0 -1  0       46.6 nm
 0  0 -1      262.3 nm
 0  0  1      262.3 nm
 0  1  0       46.6 nm
 1  0  0       52.2 nm

28
-1  0  0       51.7 nm
 0 -1  0       48.6 nm
 0  0 -1      260.0 nm
 0  0  1      260.0 nm
 0  1  0       48.6 nm
 1  0  0       51.7 nm

29
-1  0  0       51.7 nm
 0 -1  0       47.6 nm
 0  0 -1      262.8 nm
 0  0  1      262.8 nm
 0  1  0       47.6 nm
 1  0  0       51.7 nm

30
-1  0  0       52.0 nm
 0 -1  0       48.0 nm
 0  0 -1      260.6 nm
 0  0  1      260.6 nm
 0  1  0       48.0 nm
 1  0  0       52.0 nm

31
-1  0  0       52.7 nm
 0 -1  0       47.0 nm
 0  0 -1      263.9 nm
 0  0  1      263.9 nm
 0  1  0       47.0 nm
 1  0  0       52.7 nm

32
-1  0  0       52.9 nm
 0 -1  0       47.6 nm
 0  0 -1      262.6 nm
 0  0  1      262.6 nm
 0  1  0       47.6 nm
 1  0  0       52.9 nm

33
-1  0  0       51.9 nm
 0 -1  0       47.6 nm
 0  0 -1      262.5 nm
 0  0  1      262.5 nm
 0  1  0       47.6 nm
 1  0  0       51.9 nm

34
-1  0  0       52.7 nm
 0 -1  0       48.0 nm
 0  0 -1      262.6 nm
 0  0  1      262.6 nm
 0  1  0       48.0 nm
 1  0  0       52.7 nm

35
-1  0  0       52.9 nm
 0 -1  0       48.6 nm
 0  0 -1      261.3 nm
 0  0  1      261.3 nm
 0  1  0       48.6 nm
 1  0  0       52.9 nm

36
-1  0  0       52.7 nm
 0 -1  0       48.6 nm
 0  0 -1      261.3 nm
 0  0  1      261.3 nm
 0  1  0       48.6 nm
 1  0  0       52.7 nm

37
-1  0  0       52.0 nm
 0 -1  0       48.6 nm
 0  0 -1      264.6 nm
 0  0  1      264.6 nm
 0  1  0       48.6 nm
 1  0  0       52.0 nm

38
-1  0  0       51.7 nm
 0 -1  0       49.0 nm
 0  0 -1      264.5 nm
 0  0  1      264.5 nm
 0  1  0       49.0 nm
 1  0  0       51.7 nm

39
-1  0  0       52.7 nm
 0 -1  0       47.6 nm
 0  0 -1      266.5 nm
 0  0  1      266.5 nm
 0  1  0       47.6 nm
 1  0  0       52.7 nm

