0
-1  0  0       81.4 nm
 0 -1  0       78.0 nm
 0  0 -1      189.4 nm
 0  0  1      189.4 nm
 0  1  0       78.0 nm
 1  0  0       81.4 nm

1
-1  0  0       81.8 nm
 0 -1  0       79.0 nm
 0  0 -1      187.4 nm
 0  0  1      187.4 nm
 0  1  0       79.0 nm
 1  0  0       81.8 nm

2
-1  0  0       82.4 nm
 0 -1  0       79.0 nm
 0  0 -1      187.3 nm
 0  0  1      187.3 nm
 0  1  0       79.0 nm
 1  0  0       82.4 nm

3
-1  0  0       82.4 nm
 0 -1  0       79.0 nm
 0  0 -1      184.1 nm
 0  0  1      184.1 nm
 0  1  0       79.0 nm
 1  0  0       82.4 nm

4
-1  0  0       82.4 nm
 0 -1  0       79.6 nm
 0  0 -1      180.2 nm
 0  0  1      180.2 nm
 0  1  0       79.6 nm
 1  0  0       82.4 nm

5
-1  0  0       82.8 nm
 0 -1  0       80.9 nm
 0  0 -1      175.4 nm
 0  0  1      175.4 nm
 0  1  0       80.9 nm
 1  0  0       82.8 nm

6
-1  0  0       82.3 nm
 0 -1  0       81.9 nm
 0  0 -1      173.5 nm
 0  0  1      173.5 nm
 0  1  0       81.9 nm
 1  0  0       82.3 nm

7
-1  0  0       78.3 nm
 0 -1  0       83.5 nm
 0  0 -1      170.5 nm
 0  0  1      170.5 nm
 0  1  0       83.5 nm
 1  0  0       78.3 nm

8
-1  0  0       71.9 nm
 0 -1  0       84.1 nm
 0  0 -1      171.8 nm
 0  0  1      171.8 nm
 0  1  0       84.1 nm
 1  0  0       71.9 nm

9
-1  0  0       63.1 nm
 0 -1  0       78.2 nm
 0  0 -1      176.4 nm
 0  0  1      176.4 nm
 0  1  0       78.2 nm
 1  0  0       63.1 nm

10
-1  0  0       58.1 nm
 0 -1  0       68.7 nm
 0  0 -1      189.1 nm
 0  0  1      189.1 nm
 0  1  0       68.7 nm
 1  0  0       58.1 nm

11
-1  0  0       54.1 nm
 0 -1  0       61.4 nm
 0  0 -1      207.9 nm
 0  0  1      207.9 nm
 0  1  0       61.4 nm
 1  0  0       54.1 nm

12
-1  0  0       52.9 nm
 0 -1  0       54.5 nm
 0  0 -1      228.5 nm
 0  0  1      228.5 nm
 0  1  0       54.5 nm
 1  0  0       52.9 nm

13
-1  0  0       51.7 nm
 0 -1  0       53.5 nm
 0  0 -1      244.9 nm
 0  0  1      244.9 nm
 0  1  0       53.5 nm
 1  0  0       51.7 nm

14
-1  0  0       51.0 nm
 0 -1  0       48.6 nm
 0  0 -1      255.1 nm
 0  0  1      255.1 nm
 0  1  0       48.6 nm
 1  0  0       51.0 nm

15
-1  0  0       50.1 nm
 0 -1  0       49.0 nm
 0  0 -1      264.6 nm
 0  0  1      264.6 nm
 0  1  0       49.0 nm
 1  0  0       50.1 nm

16
-1  0  0       50.9 nm
 0 -1  0       47.6 nm
 0  0 -1      263.2 nm
 0  0  1      263.2 nm
 0  1  0       47.6 nm
 1  0  0       50.9 nm

17
-1  0  0       49.7 nm
 0 -1  0       47.6 nm
 0  0 -1      265.9 nm
 0  0  1      265.9 nm
 0  1  0       47.6 nm
 1  0  0       49.7 nm

18
-1  0  0       50.9 nm
 0 -1  0       46.0 nm
 0  0 -1      267.2 nm
 0  0  1      267.2 nm
 0  1  0       46.0 nm
 1  0  0       50.9 nm

19
-1  0  0       50.1 nm
 0 -1  0       47.6 nm
 0  0 -1      267.2 nm
 0  0  1      267.2 nm
 0  1  0       47.6 nm
 1  0  0       50.1 nm

20
-1  0  0       50.9 nm
 0 -1  0       47.0 nm
 0  0 -1      266.3 nm
 0  0  1      266.3 nm
 0  1  0       47.0 nm
 1  0  0       50.9 nm

21
-1  0  0       50.9 nm
 0 -1  0       47.6 nm
 0  0 -1      264.4 nm
 0  0  1      264.4 nm
 0  1  0       47.6 nm
 1  0  0       50.9 nm

22
-1  0  0       51.0 nm
 0 -1  0       47.6 nm
 0  0 -1      265.9 nm
 0  0  1      265.9 nm
 0  1  0       47.6 nm
 1  0  0       51.0 nm

23
-1  0  0       50.9 nm
 0 -1  0       47.6 nm
 0  0 -1      262.5 nm
 0  0  1      262.5 nm
 0  1  0       47.6 nm
 1  0  0       50.9 nm

24
-1  0  0       51.9 nm
 0 -1  0       47.6 nm
 0  0 -1      262.6 nm
 0  0  1      262.6 nm
 0  1  0       47.6 nm
 1  0  0       51.9 nm

25
-1  0  0       50.7 nm
 0 -1  0       47.6 nm
 0  0 -1      265.1 nm
 0  0  1      265.1 nm
 0  1  0       47.6 nm
 1  0  0       50.7 nm

26
-1  0  0       51.7 nm
 0 -1  0       48.6 nm
 0  0 -1      261.9 nm
 0  0  1      261.9 nm
 0  1  0       48.6 nm
 1  0  0       51.7 nm

27
-1  0  0       51.7 nm
 0 -1  0       48.0 nm
 0  0 -1      263.3 nm
 0  0  1      263.3 nm
 0  1  0       48.0 nm
 1  0  0       51.7 nm

28
-1  0  0       50.9 nm
 0 -1  0       47.6 nm
 0  0 -1      265.2 nm
 0  0  1      265.2 nm
 0  1  0       47.6 nm
 1  0  0       50.9 nm

29
-1  0  0       51.7 nm
 0 -1  0       48.6 nm
 0  0 -1      262.5 nm
 0  0  1      262.5 nm
 0  1  0       48.6 nm
 1  0  0       51.7 nm

30
-1  0  0       51.9 nm
 0 -1  0       48.6 nm
 0  0 -1      261.9 nm
 0  0  1      261.9 nm
 0  1  0       48.6 nm
 1  0  0       51.9 nm

31
-1  0  0       52.0 nm
 0 -1  0       48.0 nm
 0  0 -1      263.3 nm
 0  0  1      263.3 nm
 0  1  0       48.0 nm
 1  0  0       52.0 nm

32
-1  0  0       51.9 nm
 0 -1  0       48.6 nm
 0  0 -1      261.3 nm
 0  0  1      261.3 nm
 0  1  0       48.6 nm
 1  0  0       51.9 nm

33
-1  0  0       52.5 nm
 0 -1  0       49.0 nm
 0  0 -1      261.3 nm
 0  0  1      261.3 nm
 0  1  0       49.0 nm
 1  0  0       52.5 nm

34
-1  0  0       50.9 nm
 0 -1  0       48.6 nm
 0  0 -1      264.5 nm
 0  0  1      264.5 nm
 0  1  0       48.6 nm
 1  0  0       50.9 nm

35
-1  0  0       52.9 nm
 0 -1  0       48.0 nm
 0  0 -1      261.8 nm
 0  0  1      261.8 nm
 0  1  0       48.0 nm
 1  0  0       52.9 nm

36
-1  0  0       52.0 nm
 0 -1  0       49.0 nm
 0  0 -1      265.1 nm
 0  0  1      265.1 nm
 0  1  0       49.0 nm
 1  0  0       52.0 nm

37
-1  0  0       51.7 nm
 0 -1  0       49.9 nm
 0  0 -1      265.1 nm
 0  0  1      265.1 nm
 0  1  0       49.9 nm
 1  0  0       51.7 nm

38
-1  0  0       51.0 nm
 0 -1  0       49.6 nm
 0  0 -1      266.4 nm
 0  0  1      266.4 nm
 0  1  0       49.6 nm
 1  0  0       51.0 nm

39
-1  0  0       51.9 nm
 0 -1  0       49.6 nm
 0  0 -1      265.9 nm
 0  0  1      265.9 nm
 0  1  0       49.6 nm
 1  0  0       51.9 nm

