0
-1  0  0       82.4 nm
 0 -1  0       78.0 nm
 0  0 -1      188.0 nm
 0  0  1      188.0 nm
 0  1  0       78.0 nm
 1  0  0       82.4 nm

1
-1  0  0       82.4 nm
 0 -1  0       78.0 nm
 0  0 -1      188.7 nm
 0  0  1      188.7 nm
 0  1  0       78.0 nm
 1  0  0       82.4 nm

2
-1  0  0       83.4 nm
 0 -1  0       77.0 nm
 0  0 -1      186.7 nm
 0  0  1      186.7 nm
 0  1  0       77.0 nm
 1  0  0       83.4 nm

3
-1  0  0       83.4 nm
 0 -1  0       78.0 nm
 0  0 -1      186.6 nm
 0  0  1      186.6 nm
 0  1  0       78.0 nm
 1  0  0       83.4 nm

4
-1  0  0       83.4 nm
 0 -1  0       79.0 nm
 0  0 -1      182.3 nm
 0  0  1      182.3 nm
 0  1  0       79.0 nm
 1  0  0       83.4 nm

5
-1  0  0       83.4 nm
 0 -1  0       79.9 nm
 0  0 -1      177.3 nm
 0  0  1      177.3 nm
 0  1  0       79.9 nm
 1  0  0       83.4 nm

6
-1  0  0       82.4 nm
 0 -1  0       81.5 nm
 0  0 -1      173.4 nm
 0  0  1      173.4 nm
 0  1  0       81.5 nm
 1  0  0       82.4 nm

7
-1  0  0       79.3 nm
 0 -1  0       83.5 nm
 0  0 -1      171.6 nm
 0  0  1      171.6 nm
 0  1  0       83.5 nm
 1  0  0       79.3 nm

8
-1  0  0       72.2 nm
 0 -1  0       84.1 nm
 0  0 -1      172.8 nm
 0  0  1      172.8 nm
 0  1  0       84.1 nm
 1  0  0       72.2 nm

9
-1  0  0       63.8 nm
 0 -1  0       81.1 nm
 0  0 -1      176.8 nm
 0  0  1      176.8 nm
 0  1  0       81.1 nm
 1  0  0       63.8 nm

10
-1  0  0       58.1 nm
 0 -1  0       70.3 nm
 0  0 -1      189.1 nm
 0  0  1      189.1 nm
 0  1  0       70.3 nm
 1  0  0       58.1 nm

11
-1  0  0       54.9 nm
 0 -1  0       63.4 nm
 0  0 -1      206.6 nm
 0  0  1      206.6 nm
 0  1  0       63.4 nm
 1  0  0       54.9 nm

12
-1  0  0       53.0 nm
 0 -1  0       55.5 nm
 0  0 -1      226.5 nm
 0  0  1      226.5 nm
 0  1  0       55.5 nm
 1  0  0       53.0 nm

13
-1  0  0       51.7 nm
 0 -1  0       52.9 nm
 0  0 -1      244.4 nm
 0  0  1      244.4 nm
 0  1  0       52.9 nm
 1  0  0       51.7 nm

14
-1  0  0       50.1 nm
 0 -1  0       51.5 nm
 0  0 -1      255.1 nm
 0  0  1      255.1 nm
 0  1  0       51.5 nm
 1  0  0       50.1 nm

15
-1  0  0       49.5 nm
 0 -1  0       50.5 nm
 0  0 -1      264.1 nm
 0  0  1      264.1 nm
 0  1  0       50.5 nm
 1  0  0       49.5 nm

16
-1  0  0       50.9 nm
 0 -1  0       49.6 nm
 0  0 -1      263.1 nm
 0  0  1      263.1 nm
 0  1  0       49.6 nm
 1  0  0       50.9 nm

17
-1  0  0       48.9 nm
 0 -1  0       47.6 nm
 0  0 -1      267.9 nm
 0  0  1      267.9 nm
 0  1  0       47.6 nm
 1  0  0       48.9 nm

18
-1  0  0       50.9 nm
 0 -1  0       47.0 nm
 0  0 -1      266.5 nm
 0  0  1      266.5 nm
 0  1  0       47.0 nm
 1  0  0       50.9 nm

19
-1  0  0       49.9 nm
 0 -1  0       48.0 nm
 0  0 -1      266.9 nm
 0  0  1      266.9 nm
 0  1  0       48.0 nm
 1  0  0       49.9 nm

20
-1  0  0       50.9 nm
 0 -1  0       47.0 nm
 0  0 -1      266.3 nm
 0  0  1      266.3 nm
 0  1  0       47.0 nm
 1  0  0       50.9 nm

21
-1  0  0       51.7 nm
 0 -1  0       46.6 nm
 0  0 -1      266.3 nm
 0  0  1      266.3 nm
 0  1  0       46.6 nm
 1  0  0       51.7 nm

22
-1  0  0       51.7 nm
 0 -1  0       47.6 nm
 0  0 -1      263.4 nm
 0  0  1      263.4 nm
 0  1  0       47.6 nm
 1  0  0       51.7 nm

23
-1  0  0       50.7 nm
 0 -1  0       47.6 nm
 0  0 -1      265.3 nm
 0  0  1      265.3 nm
 0  1  0       47.6 nm
 1  0  0       50.7 nm

24
-1  0  0       51.7 nm
 0 -1  0       46.6 nm
 0  0 -1      265.1 nm
 0  0  1      265.1 nm
 0  1  0       46.6 nm
 1  0  0       51.7 nm

25
-1  0  0       49.9 nm
 0 -1  0       47.6 nm
 0  0 -1      265.2 nm
 0  0  1      265.2 nm
 0  1  0       47.6 nm
 1  0  0       49.9 nm

26
-1  0  0       50.7 nm
 0 -1  0       48.6 nm
 0  0 -1      265.3 nm
 0  0  1      265.3 nm
 0  1  0       48.6 nm
 1  0  0       50.7 nm

27
-1  0  0       51.9 nm
 0 -1  0       47.0 nm
 0  0 -1      263.9 nm
 0  0  1      263.9 nm
 0  1  0       47.0 nm
 1  0  0       51.9 nm

28
-1  0  0       50.9 nm
 0 -1  0       48.6 nm
 0  0 -1      262.5 nm
 0  0  1      262.5 nm
 0  1  0       48.6 nm
 1  0  0       50.9 nm

29
-1  0  0       51.7 nm
 0 -1  0       48.0 nm
 0  0 -1      262.6 nm
 0  0  1      262.6 nm
 0  1  0       48.0 nm
 1  0  0       51.7 nm

30
-1  0  0       51.8 nm
 0 -1  0       48.6 nm
 0  0 -1      263.7 nm
 0  0  1      263.7 nm
 0  1  0       48.6 nm
 1  0  0       51.8 nm

31
-1  0  0       50.7 nm
 0 -1  0       48.6 nm
 0  0 -1      263.3 nm
 0  0  1      263.3 nm
 0  1  0       48.6 nm
 1  0  0       50.7 nm

32
-1  0  0       51.9 nm
 0 -1  0       48.6 nm
 0  0 -1      264.6 nm
 0  0  1      264.6 nm
 0  1  0       48.6 nm
 1  0  0       51.9 nm

33
-1  0  0       50.9 nm
 0 -1  0       48.6 nm
 0  0 -1      262.0 nm
 0  0  1      262.0 nm
 0  1  0       48.6 nm
 1  0  0       50.9 nm

34
-1  0  0       52.0 nm
 0 -1  0       49.0 nm
 0  0 -1      264.1 nm
 0  0  1      264.1 nm
 0  1  0       49.0 nm
 1  0  0       52.0 nm

35
-1  0  0       52.0 nm
 0 -1  0       49.6 nm
 0  0 -1      263.3 nm
 0  0  1      263.3 nm
 0  1  0       49.6 nm
 1  0  0       52.0 nm

36
-1  0  0       52.8 nm
 0 -1  0       49.6 nm
 0  0 -1      263.1 nm
 0  0  1      263.1 nm
 0  1  0       49.6 nm
 1  0  0       52.8 nm

37
-1  0  0       51.9 nm
 0 -1  0       49.0 nm
 0  0 -1      261.0 nm
 0  0  1      261.0 nm
 0  1  0       49.0 nm
 1  0  0       51.9 nm

38
-1  0  0       51.9 nm
 0 -1  0       49.0 nm
 0  0 -1      264.6 nm
 0  0  1      264.6 nm
 0  1  0       49.0 nm
 1  0  0       51.9 nm

39
-1  0  0       51.5 nm
 0 -1  0       49.6 nm
 0  0 -1      264.5 nm
 0  0  1      264.5 nm
 0  1  0       49.6 nm
 1  0  0       51.5 nm

