0
-1  0  0       83.4 nm
 0 -1  0       78.0 nm
 0  0 -1      188.7 nm
 0  0  1      188.7 nm
 0  1  0       78.0 nm
 1  0  0       83.4 nm

1
-1  0  0       83.4 nm
 0 -1  0       77.0 nm
 0  0 -1      187.4 nm
 0  0  1      187.4 nm
 0  1  0       77.0 nm
 1  0  0       83.4 nm

2
-1  0  0       83.4 nm
 0 -1  0       78.0 nm
 0  0 -1      187.4 nm
 0  0  1      187.4 nm
 0  1  0       78.0 nm
 1  0  0       83.4 nm

3
-1  0  0       84.4 nm
 0 -1  0       78.4 nm
 0  0 -1      186.0 nm
 0  0  1      186.0 nm
 0  1  0       78.4 nm
 1  0  0       84.4 nm

4
-1  0  0       84.4 nm
 0 -1  0       79.0 nm
 0  0 -1      182.1 nm
 0  0  1      182.1 nm
 0  1  0       79.0 nm
 1  0  0       84.4 nm

5
-1  0  0       83.4 nm
 0 -1  0       79.0 nm
 0  0 -1      178.3 nm
 0  0  1      178.3 nm
 0  1  0       79.0 nm
 1  0  0       83.4 nm

6
-1  0  0       82.4 nm
 0 -1  0       80.9 nm
 0  0 -1      174.3 nm
 0  0  1      174.3 nm
 0  1  0       80.9 nm
 1  0  0       82.4 nm

7
-1  0  0       79.0 nm
 0 -1  0       83.1 nm
 0  0 -1      171.8 nm
 0  0  1      171.8 nm
 0  1  0       83.1 nm
 1  0  0       79.0 nm

8
-1  0  0       73.3 nm
 0 -1  0       84.5 nm
 0  0 -1      171.8 nm
 0  0  1      171.8 nm
 0  1  0       84.5 nm
 1  0  0       73.3 nm

9
-1  0  0       63.9 nm
 0 -1  0       81.1 nm
 0  0 -1      177.1 nm
 0  0  1      177.1 nm
 0  1  0       81.1 nm
 1  0  0       63.9 nm

10
-1  0  0       58.5 nm
 0 -1  0       72.3 nm
 0  0 -1      187.4 nm
 0  0  1      187.4 nm
 0  1  0       72.3 nm
 1  0  0       58.5 nm

11
-1  0  0       55.5 nm
 0 -1  0       63.4 nm
 0  0 -1      204.1 nm
 0  0  1      204.1 nm
 0  1  0       63.4 nm
 1  0  0       55.5 nm

12
-1  0  0       51.9 nm
 0 -1  0       57.8 nm
 0  0 -1      225.5 nm
 0  0  1      225.5 nm
 0  1  0       57.8 nm
 1  0  0       51.9 nm

13
-1  0  0       50.7 nm
 0 -1  0       54.5 nm
 0  0 -1      240.3 nm
 0  0  1      240.3 nm
 0  1  0       54.5 nm
 1  0  0       50.7 nm

14
-1  0  0       48.9 nm
 0 -1  0       52.5 nm
 0  0 -1      256.0 nm
 0  0  1      256.0 nm
 0  1  0       52.5 nm
 1  0  0       48.9 nm

15
-1  0  0       49.0 nm
 0 -1  0       49.6 nm
 0  0 -1      261.1 nm
 0  0  1      261.1 nm
 0  1  0       49.6 nm
 1  0  0       49.0 nm

16
-1  0  0       49.5 nm
 0 -1  0       48.6 nm
 0  0 -1      265.1 nm
 0  0  1      265.1 nm
 0  1  0       48.6 nm
 1  0  0       49.5 nm

17
-1  0  0       48.9 nm
 0 -1  0       49.6 nm
 0  0 -1      264.6 nm
 0  0  1      264.6 nm
 0  1  0       49.6 nm
 1  0  0       48.9 nm

18
-1  0  0       50.1 nm
 0 -1  0       48.6 nm
 0  0 -1      265.2 nm
 0  0  1      265.2 nm
 0  1  0       48.6 nm
 1  0  0       50.1 nm

19
-1  0  0       50.0 nm
 0 -1  0       47.6 nm
 0  0 -1      266.5 nm
 0  0  1      266.5 nm
 0  1  0       47.6 nm
 1  0  0       50.0 nm

20
-1  0  0       50.9 nm
 0 -1  0       47.0 nm
 0  0 -1      262.0 nm
 0  0  1      262.0 nm
 0  1  0       47.0 nm
 1  0  0       50.9 nm

21
-1  0  0       50.7 nm
 0 -1  0       47.6 nm
 0  0 -1      265.1 nm
 0  0  1      265.1 nm
 0  1  0       47.6 nm
 1  0  0       50.7 nm

22
-1  0  0       50.7 nm
 0 -1  0       48.0 nm
 0  0 -1      263.8 nm
 0  0  1      263.8 nm
 0  1  0       48.0 nm
 1  0  0       50.7 nm

23
-1  0  0       50.7 nm
 0 -1  0       48.6 nm
 0  0 -1      262.6 nm
 0  0  1      262.6 nm
 0  1  0       48.6 nm
 1  0  0       50.7 nm

24
-1  0  0       50.9 nm
 0 -1  0       47.6 nm
 0  0 -1      263.0 nm
 0  0  1      263.0 nm
 0  1  0       47.6 nm
 1  0  0       50.9 nm

25
-1  0  0       50.7 nm
 0 -1  0       48.6 nm
 0  0 -1      261.9 nm
 0  0  1      261.9 nm
 0  1  0       48.6 nm
 1  0  0       50.7 nm

26
-1  0  0       51.0 nm
 0 -1  0       48.4 nm
 0  0 -1      260.7 nm
 0  0  1      260.7 nm
 0  1  0       48.4 nm
 1  0  0       51.0 nm

27
-1  0  0       51.0 nm
 0 -1  0       48.6 nm
 0  0 -1      262.0 nm
 0  0  1      262.0 nm
 0  1  0       48.6 nm
 1  0  0       51.0 nm

28
-1  0  0       52.0 nm
 0 -1  0       47.6 nm
 0  0 -1      261.3 nm
 0  0  1      261.3 nm
 0  1  0       47.6 nm
 1  0  0       52.0 nm

29
-1  0  0       51.7 nm
 0 -1  0       48.6 nm
 0  0 -1      262.7 nm
 0  0  1      262.7 nm
 0  1  0       48.6 nm
 1  0  0       51.7 nm

30
-1  0  0       51.9 nm
 0 -1  0       48.6 nm
 0  0 -1      260.7 nm
 0  0  1      260.7 nm
 0  1  0       48.6 nm
 1  0  0       51.9 nm

31
-1  0  0       50.9 nm
 0 -1  0       48.6 nm
 0  0 -1      262.6 nm
 0  0  1      262.6 nm
 0  1  0       48.6 nm
 1  0  0       50.9 nm

32
-1  0  0       50.7 nm
 0 -1  0       49.9 nm
 0  0 -1      260.7 nm
 0  0  1      260.7 nm
 0  1  0       49.9 nm
 1  0  0       50.7 nm

33
-1  0  0       51.9 nm
 0 -1  0       48.6 nm
 0  0 -1      260.6 nm
 0  0  1      260.6 nm
 0  1  0       48.6 nm
 1  0  0       51.9 nm

34
-1  0  0       51.7 nm
 0 -1  0       49.6 nm
 0  0 -1      263.3 nm
 0  0  1      263.3 nm
 0  1  0       49.6 nm
 1  0  0       51.7 nm

35
-1  0  0       52.7 nm
 0 -1  0       49.9 nm
 0  0 -1      261.3 nm
 0  0  1      261.3 nm
 0  1  0       49.9 nm
 1  0  0       52.7 nm

36
-1  0  0       51.7 nm
 0 -1  0       48.6 nm
 0  0 -1      263.2 nm
 0  0  1      263.2 nm
 0  1  0       48.6 nm
 1  0  0       51.7 nm

37
-1  0  0       51.0 nm
 0 -1  0       49.6 nm
 0  0 -1      262.1 nm
 0  0  1      262.1 nm
 0  1  0       49.6 nm
 1  0  0       51.0 nm

38
-1  0  0       52.7 nm
 0 -1  0       48.6 nm
 0  0 -1      262.0 nm
 0  0  1      262.0 nm
 0  1  0       48.6 nm
 1  0  0       52.7 nm

39
-1  0  0       53.7 nm
 0 -1  0       49.4 nm
 0  0 -1      261.4 nm
 0  0  1      261.4 nm
 0  1  0       49.4 nm
 1  0  0       53.7 nm

