0
-1  0  0       83.4 nm
 0 -1  0       77.4 nm
 0  0 -1      189.2 nm
 0  0  1      189.2 nm
 0  1  0       77.4 nm
 1  0  0       83.4 nm

1
-1  0  0       83.4 nm
 0 -1  0       77.4 nm
 0  0 -1      190.0 nm
 0  0  1      190.0 nm
 0  1  0       77.4 nm
 1  0  0       83.4 nm

2
-1  0  0       83.4 nm
 0 -1  0       78.0 nm
 0  0 -1      187.4 nm
 0  0  1      187.4 nm
 0  1  0       78.0 nm
 1  0  0       83.4 nm

3
-1  0  0       83.4 nm
 0 -1  0       77.0 nm
 0  0 -1      186.7 nm
 0  0  1      186.7 nm
 0  1  0       77.0 nm
 1  0  0       83.4 nm

4
-1  0  0       83.4 nm
 0 -1  0       78.0 nm
 0  0 -1      184.0 nm
 0  0  1      184.0 nm
 0  1  0       78.0 nm
 1  0  0       83.4 nm

5
-1  0  0       84.4 nm
 0 -1  0       79.0 nm
 0  0 -1      177.5 nm
 0  0  1      177.5 nm
 0  1  0       79.0 nm
 1  0  0       84.4 nm

6
-1  0  0       83.3 nm
 0 -1  0       80.9 nm
 0  0 -1      173.8 nm
 0  0  1      173.8 nm
 0  1  0       80.9 nm
 1  0  0       83.3 nm

7
-1  0  0       79.0 nm
 0 -1  0       82.9 nm
 0  0 -1      172.2 nm
 0  0  1      172.2 nm
 0  1  0       82.9 nm
 1  0  0       79.0 nm

8
-1  0  0       73.9 nm
 0 -1  0       83.5 nm
 0  0 -1      172.7 nm
 0  0  1      172.7 nm
 0  1  0       83.5 nm
 1  0  0       73.9 nm

9
-1  0  0       64.9 nm
 0 -1  0       83.1 nm
 0  0 -1      176.9 nm
 0  0  1      176.9 nm
 0  1  0       83.1 nm
 1  0  0       64.9 nm

10
-1  0  0       58.7 nm
 0 -1  0       74.2 nm
 0  0 -1      185.4 nm
 0  0  1      185.4 nm
 0  1  0       74.2 nm
 1  0  0       58.7 nm

11
-1  0  0       55.7 nm
 0 -1  0       64.4 nm
 0  0 -1      201.7 nm
 0  0  1      201.7 nm
 0  1  0       64.4 nm
 1  0  0       55.7 nm

12
-1  0  0       51.9 nm
 0 -1  0       58.4 nm
 0  0 -1      220.6 nm
 0  0  1      220.6 nm
 0  1  0       58.4 nm
 1  0  0       51.9 nm

13
-1  0  0       50.9 nm
 0 -1  0       55.5 nm
 0  0 -1      240.0 nm
 0  0  1      240.0 nm
 0  1  0       55.5 nm
 1  0  0       50.9 nm

14
-1  0  0       48.7 nm
 0 -1  0       52.5 nm
 0  0 -1      252.1 nm
 0  0  1      252.1 nm
 0  1  0       52.5 nm
 1  0  0       48.7 nm

15
-1  0  0       48.7 nm
 0 -1  0       50.5 nm
 0  0 -1      259.2 nm
 0  0  1      259.2 nm
 0  1  0       50.5 nm
 1  0  0       48.7 nm

16
-1  0  0       47.9 nm
 0 -1  0       50.5 nm
 0  0 -1      263.1 nm
 0  0  1      263.1 nm
 0  1  0       50.5 nm
 1  0  0       47.9 nm

17
-1  0  0       48.7 nm
 0 -1  0       48.6 nm
 0  0 -1      263.2 nm
 0  0  1      263.2 nm
 0  1  0       48.6 nm
 1  0  0       48.7 nm

18
-1  0  0       48.7 nm
 0 -1  0       50.5 nm
 0  0 -1      262.7 nm
 0  0  1      262.7 nm
 0  1  0       50.5 nm
 1  0  0       48.7 nm

19
-1  0  0       49.9 nm
 0 -1  0       48.6 nm
 0  0 -1      261.3 nm
 0  0  1      261.3 nm
 0  1  0       48.6 nm
 1  0  0       49.9 nm

20
-1  0  0       50.7 nm
 0 -1  0       48.0 nm
 0  0 -1      263.3 nm
 0  0  1      263.3 nm
 0  1  0       48.0 nm
 1  0  0       50.7 nm

21
-1  0  0       50.9 nm
 0 -1  0       47.6 nm
 0  0 -1      261.3 nm
 0  0  1      261.3 nm
 0  1  0       47.6 nm
 1  0  0       50.9 nm

22
-1  0  0       50.9 nm
 0 -1  0       47.6 nm
 0  0 -1      261.9 nm
 0  0  1      261.9 nm
 0  1  0       47.6 nm
 1  0  0       50.9 nm

23
-1  0  0       49.7 nm
 0 -1  0       49.9 nm
 0  0 -1      260.0 nm
 0  0  1      260.0 nm
 0  1  0       49.9 nm
 1  0  0       49.7 nm

24
-1  0  0       51.5 nm
 0 -1  0       48.0 nm
 0  0 -1      260.6 nm
 0  0  1      260.6 nm
 0  1  0       48.0 nm
 1  0  0       51.5 nm

25
-1  0  0       51.5 nm
 0 -1  0       49.0 nm
 0  0 -1      258.7 nm
 0  0  1      258.7 nm
 0  1  0       49.0 nm
 1  0  0       51.5 nm

26
-1  0  0       50.9 nm
 0 -1  0       48.6 nm
 0  0 -1      257.4 nm
 0  0  1      257.4 nm
 0  1  0       48.6 nm
 1  0  0       50.9 nm

27
-1  0  0       51.2 nm
 0 -1  0       49.0 nm
 0  0 -1      259.4 nm
 0  0  1      259.4 nm
 0  1  0       49.0 nm
 1  0  0       51.2 nm

28
-1  0  0       50.7 nm
 0 -1  0       48.6 nm
 0  0 -1      260.6 nm
 0  0  1      260.6 nm
 0  1  0       48.6 nm
 1  0  0       50.7 nm

29
-1  0  0       50.9 nm
 0 -1  0       49.0 nm
 0  0 -1      260.0 nm
 0  0  1      260.0 nm
 0  1  0       49.0 nm
 1  0  0       50.9 nm

30
-1  0  0       51.1 nm
 0 -1  0       49.6 nm
 0  0 -1      257.9 nm
 0  0  1      257.9 nm
 0  1  0       49.6 nm
 1  0  0       51.1 nm

31
-1  0  0       50.8 nm
 0 -1  0       49.9 nm
 0  0 -1      258.7 nm
 0  0  1      258.7 nm
 0  1  0       49.9 nm
 1  0  0       50.8 nm

32
-1  0  0       51.7 nm
 0 -1  0       49.6 nm
 0  0 -1      258.1 nm
 0  0  1      258.1 nm
 0  1  0       49.6 nm
 1  0  0       51.7 nm

33
-1  0  0       50.9 nm
 0 -1  0       49.6 nm
 0  0 -1      260.5 nm
 0  0  1      260.5 nm
 0  1  0       49.6 nm
 1  0  0       50.9 nm

34
-1  0  0       51.5 nm
 0 -1  0       49.9 nm
 0  0 -1      257.3 nm
 0  0  1      257.3 nm
 0  1  0       49.9 nm
 1  0  0       51.5 nm

35
-1  0  0       51.7 nm
 0 -1  0       49.9 nm
 0  0 -1      259.7 nm
 0  0  1      259.7 nm
 0  1  0       49.9 nm
 1  0  0       51.7 nm

36
-1  0  0       52.9 nm
 0 -1  0       49.3 nm
 0  0 -1      258.7 nm
 0  0  1      258.7 nm
 0  1  0       49.3 nm
 1  0  0       52.9 nm

37
-1  0  0       51.9 nm
 0 -1  0       50.5 nm
 0  0 -1      258.0 nm
 0  0  1      258.0 nm
 0  1  0       50.5 nm
 1  0  0       51.9 nm

38
-1  0  0       51.7 nm
 0 -1  0       50.5 nm
 0  0 -1      258.0 nm
 0  0  1      258.0 nm
 0  1  0       50.5 nm
 1  0  0       51.7 nm

39
-1  0  0       51.1 nm
 0 -1  0       49.9 nm
 0  0 -1      258.7 nm
 0  0  1      258.7 nm
 0  1  0       49.9 nm
 1  0  0       51.1 nm

