0
-1  0  0       83.8 nm
 0 -1  0       78.0 nm
 0  0 -1      188.7 nm
 0  0  1      188.7 nm
 0  1  0       78.0 nm
 1  0  0       83.8 nm

1
-1  0  0       84.8 nm
 0 -1  0       77.0 nm
 0  0 -1      187.4 nm
 0  0  1      187.4 nm
 0  1  0       77.0 nm
 1  0  0       84.8 nm

2
-1  0  0       83.8 nm
 0 -1  0       77.0 nm
 0  0 -1      188.0 nm
 0  0  1      188.0 nm
 0  1  0       77.0 nm
 1  0  0       83.8 nm

3
-1  0  0       84.4 nm
 0 -1  0       78.0 nm
 0  0 -1      185.6 nm
 0  0  1      185.6 nm
 0  1  0       78.0 nm
 1  0  0       84.4 nm

4
-1  0  0       83.4 nm
 0 -1  0       78.0 nm
 0  0 -1      183.4 nm
 0  0  1      183.4 nm
 0  1  0       78.0 nm
 1  0  0       83.4 nm

5
-1  0  0       84.5 nm
 0 -1  0       79.9 nm
 0  0 -1      178.1 nm
 0  0  1      178.1 nm
 0  1  0       79.9 nm
 1  0  0       84.5 nm

6
-1  0  0       83.0 nm
 0 -1  0       81.5 nm
 0  0 -1      174.3 nm
 0  0  1      174.3 nm
 0  1  0       81.5 nm
 1  0  0       83.0 nm

7
-1  0  0       78.4 nm
 0 -1  0       83.1 nm
 0  0 -1      173.3 nm
 0  0  1      173.3 nm
 0  1  0       83.1 nm
 1  0  0       78.4 nm

8
-1  0  0       73.8 nm
 0 -1  0       84.5 nm
 0  0 -1      171.2 nm
 0  0  1      171.2 nm
 0  1  0       84.5 nm
 1  0  0       73.8 nm

9
-1  0  0       65.5 nm
 0 -1  0       83.1 nm
 0  0 -1      175.7 nm
 0  0  1      175.7 nm
 0  1  0       83.1 nm
 1  0  0       65.5 nm

10
-1  0  0       58.9 nm
 0 -1  0       76.2 nm
 0  0 -1      184.1 nm
 0  0  1      184.1 nm
 0  1  0       76.2 nm
 1  0  0       58.9 nm

11
-1  0  0       54.9 nm
 0 -1  0       67.3 nm
 0  0 -1      197.7 nm
 0  0  1      197.7 nm
 0  1  0       67.3 nm
 1  0  0       54.9 nm

12
-1  0  0       52.9 nm
 0 -1  0       60.4 nm
 0  0 -1      215.3 nm
 0  0  1      215.3 nm
 0  1  0       60.4 nm
 1  0  0       52.9 nm

13
-1  0  0       49.9 nm
 0 -1  0       57.4 nm
 0  0 -1      233.0 nm
 0  0  1      233.0 nm
 0  1  0       57.4 nm
 1  0  0       49.9 nm

14
-1  0  0       47.7 nm
 0 -1  0       55.5 nm
 0  0 -1      244.2 nm
 0  0  1      244.2 nm
 0  1  0       55.5 nm
 1  0  0       47.7 nm

15
-1  0  0       48.0 nm
 0 -1  0       51.9 nm
 0  0 -1      253.8 nm
 0  0  1      253.8 nm
 0  1  0       51.9 nm
 1  0  0       48.0 nm

16
-1  0  0       48.7 nm
 0 -1  0       50.5 nm
 0  0 -1      257.3 nm
 0  0  1      257.3 nm
 0  1  0       50.5 nm
 1  0  0       48.7 nm

17
-1  0  0       49.7 nm
 0 -1  0       50.9 nm
 0  0 -1      255.4 nm
 0  0  1      255.4 nm
 0  1  0       50.9 nm
 1  0  0       49.7 nm

18
-1  0  0       49.9 nm
 0 -1  0       49.6 nm
 0  0 -1      258.0 nm
 0  0  1      258.0 nm
 0  1  0       49.6 nm
 1  0  0       49.9 nm

19
-1  0  0       50.7 nm
 0 -1  0       49.0 nm
 0  0 -1      256.1 nm
 0  0  1      256.1 nm
 0  1  0       49.0 nm
 1  0  0       50.7 nm

20
-1  0  0       50.0 nm
 0 -1  0       49.6 nm
 0  0 -1      256.0 nm
 0  0  1      256.0 nm
 0  1  0       49.6 nm
 1  0  0       50.0 nm

21
-1  0  0       50.9 nm
 0 -1  0       49.0 nm
 0  0 -1      256.1 nm
 0  0  1      256.1 nm
 0  1  0       49.0 nm
 1  0  0       50.9 nm

22
-1  0  0       50.1 nm
 0 -1  0       50.5 nm
 0  0 -1      254.9 nm
 0  0  1      254.9 nm
 0  1  0       50.5 nm
 1  0  0       50.1 nm

23
-1  0  0       50.9 nm
 0 -1  0       49.0 nm
 0  0 -1      257.3 nm
 0  0  1      257.3 nm
 0  1  0       49.0 nm
 1  0  0       50.9 nm

24
-1  0  0       50.7 nm
 0 -1  0       49.0 nm
 0  0 -1      256.0 nm
 0  0  1      256.0 nm
 0  1  0       49.0 nm
 1  0  0       50.7 nm

25
-1  0  0       50.9 nm
 0 -1  0       48.6 nm
 0  0 -1      256.6 nm
 0  0  1      256.6 nm
 0  1  0       48.6 nm
 1  0  0       50.9 nm

26
-1  0  0       51.7 nm
 0 -1  0       49.6 nm
 0  0 -1      254.8 nm
 0  0  1      254.8 nm
 0  1  0       49.6 nm
 1  0  0       51.7 nm

27
-1  0  0       52.0 nm
 0 -1  0       49.0 nm
 0  0 -1      254.1 nm
 0  0  1      254.1 nm
 0  1  0       49.0 nm
 1  0  0       52.0 nm

28
-1  0  0       51.0 nm
 0 -1  0       49.6 nm
 0  0 -1      254.7 nm
 0  0  1      254.7 nm
 0  1  0       49.6 nm
 1  0  0       51.0 nm

29
-1  0  0       52.0 nm
 0 -1  0       49.6 nm
 0  0 -1      254.1 nm
 0  0  1      254.1 nm
 0  1  0       49.6 nm
 1  0  0       52.0 nm

30
-1  0  0       50.0 nm
 0 -1  0       49.6 nm
 0  0 -1      255.6 nm
 0  0  1      255.6 nm
 0  1  0       49.6 nm
 1  0  0       50.0 nm

31
-1  0  0       51.7 nm
 0 -1  0       50.5 nm
 0  0 -1      255.3 nm
 0  0  1      255.3 nm
 0  1  0       50.5 nm
 1  0  0       51.7 nm

32
-1  0  0       52.0 nm
 0 -1  0       50.5 nm
 0  0 -1      253.3 nm
 0  0  1      253.3 nm
 0  1  0       50.5 nm
 1  0  0       52.0 nm

33
-1  0  0       52.7 nm
 0 -1  0       50.5 nm
 0  0 -1      252.7 nm
 0  0  1      252.7 nm
 0  1  0       50.5 nm
 1  0  0       52.7 nm

34
-1  0  0       52.0 nm
 0 -1  0       50.9 nm
 0  0 -1      254.0 nm
 0  0  1      254.0 nm
 0  1  0       50.9 nm
 1  0  0       52.0 nm

35
-1  0  0       51.9 nm
 0 -1  0       49.9 nm
 0  0 -1      254.7 nm
 0  0  1      254.7 nm
 0  1  0       49.9 nm
 1  0  0       51.9 nm

36
-1  0  0       51.1 nm
 0 -1  0       51.5 nm
 0  0 -1      252.7 nm
 0  0  1      252.7 nm
 0  1  0       51.5 nm
 1  0  0       51.1 nm

37
-1  0  0       52.0 nm
 0 -1  0       50.5 nm
 0  0 -1      251.7 nm
 0  0  1      251.7 nm
 0  1  0       50.5 nm
 1  0  0       52.0 nm

38
-1  0  0       52.9 nm
 0 -1  0       51.5 nm
 0  0 -1      253.5 nm
 0  0  1      253.5 nm
 0  1  0       51.5 nm
 1  0  0       52.9 nm

39
-1  0  0       51.9 nm
 0 -1  0       51.5 nm
 0  0 -1      254.8 nm
 0  0  1      254.8 nm
 0  1  0       51.5 nm
 1  0  0       51.9 nm

