0
-1  0  0       85.4 nm
 0 -1  0       78.0 nm
 0  0 -1      187.9 nm
 0  0  1      187.9 nm
 0  1  0       78.0 nm
 1  0  0       85.4 nm

1
-1  0  0       84.4 nm
 0 -1  0       78.0 nm
 0  0 -1      188.7 nm
 0  0  1      188.7 nm
 0  1  0       78.0 nm
 1  0  0       84.4 nm

2
-1  0  0       84.4 nm
 0 -1  0       77.0 nm
 0  0 -1      186.7 nm
 0  0  1      186.7 nm
 0  1  0       77.0 nm
 1  0  0       84.4 nm

3
-1  0  0       84.8 nm
 0 -1  0       77.0 nm
 0  0 -1      185.3 nm
 0  0  1      185.3 nm
 0  1  0       77.0 nm
 1  0  0       84.8 nm

4
-1  0  0       84.8 nm
 0 -1  0       79.0 nm
 0  0 -1      182.2 nm
 0  0  1      182.2 nm
 0  1  0       79.0 nm
 1  0  0       84.8 nm

5
-1  0  0       84.4 nm
 0 -1  0       79.9 nm
 0  0 -1      178.2 nm
 0  0  1      178.2 nm
 0  1  0       79.9 nm
 1  0  0       84.4 nm

6
-1  0  0       84.0 nm
 0 -1  0       81.9 nm
 0  0 -1      173.9 nm
 0  0  1      173.9 nm
 0  1  0       81.9 nm
 1  0  0       84.0 nm

7
-1  0  0       79.3 nm
 0 -1  0       83.5 nm
 0  0 -1      173.3 nm
 0  0  1      173.3 nm
 0  1  0       83.5 nm
 1  0  0       79.3 nm

8
-1  0  0       74.6 nm
 0 -1  0       85.1 nm
 0  0 -1      171.7 nm
 0  0  1      171.7 nm
 0  1  0       85.1 nm
 1  0  0       74.6 nm

9
-1  0  0       65.9 nm
 0 -1  0       84.1 nm
 0  0 -1      173.4 nm
 0  0  1      173.4 nm
 0  1  0       84.1 nm
 1  0  0       65.9 nm

10
-1  0  0       59.0 nm
 0 -1  0       79.2 nm
 0  0 -1      180.0 nm
 0  0  1      180.0 nm
 0  1  0       79.2 nm
 1  0  0       59.0 nm

11
-1  0  0       55.7 nm
 0 -1  0       69.3 nm
 0  0 -1      191.2 nm
 0  0  1      191.2 nm
 0  1  0       69.3 nm
 1  0  0       55.7 nm

12
-1  0  0       51.8 nm
 0 -1  0       63.4 nm
 0  0 -1      211.1 nm
 0  0  1      211.1 nm
 0  1  0       63.4 nm
 1  0  0       51.8 nm

13
-1  0  0       50.7 nm
 0 -1  0       57.8 nm
 0  0 -1      225.8 nm
 0  0  1      225.8 nm
 0  1  0       57.8 nm
 1  0  0       50.7 nm

14
-1  0  0       48.9 nm
 0 -1  0       55.5 nm
 0  0 -1      240.9 nm
 0  0  1      240.9 nm
 0  1  0       55.5 nm
 1  0  0       48.9 nm

15
-1  0  0       48.0 nm
 0 -1  0       53.5 nm
 0  0 -1      248.0 nm
 0  0  1      248.0 nm
 0  1  0       53.5 nm
 1  0  0       48.0 nm

16
-1  0  0       49.5 nm
 0 -1  0       51.9 nm
 0  0 -1      247.2 nm
 0  0  1      247.2 nm
 0  1  0       51.9 nm
 1  0  0       49.5 nm

17
-1  0  0       50.7 nm
 0 -1  0       50.5 nm
 0  0 -1      251.5 nm
 0  0  1      251.5 nm
 0  1  0       50.5 nm
 1  0  0       50.7 nm

18
-1  0  0       49.0 nm
 0 -1  0       50.5 nm
 0  0 -1      250.8 nm
 0  0  1      250.8 nm
 0  1  0       50.5 nm
 1  0  0       49.0 nm

19
-1  0  0       49.9 nm
 0 -1  0       50.5 nm
 0  0 -1      251.4 nm
 0  0  1      251.4 nm
 0  1  0       50.5 nm
 1  0  0       49.9 nm

20
-1  0  0       50.1 nm
 0 -1  0       49.6 nm
 0  0 -1      250.9 nm
 0  0  1      250.9 nm
 0  1  0       49.6 nm
 1  0  0       50.1 nm

21
-1  0  0       50.7 nm
 0 -1  0       49.0 nm
 0  0 -1      249.5 nm
 0  0  1      249.5 nm
 0  1  0       49.0 nm
 1  0  0       50.7 nm

22
-1  0  0       50.0 nm
 0 -1  0       51.5 nm
 0  0 -1      248.9 nm
 0  0  1      248.9 nm
 0  1  0       51.5 nm
 1  0  0       50.0 nm

23
-1  0  0       51.0 nm
 0 -1  0       50.3 nm
 0  0 -1      248.9 nm
 0  0  1      248.9 nm
 0  1  0       50.3 nm
 1  0  0       51.0 nm

24
-1  0  0       51.9 nm
 0 -1  0       49.9 nm
 0  0 -1      248.4 nm
 0  0  1      248.4 nm
 0  1  0       49.9 nm
 1  0  0       51.9 nm

25
-1  0  0       50.9 nm
 0 -1  0       50.5 nm
 0  0 -1      250.2 nm
 0  0  1      250.2 nm
 0  1  0       50.5 nm
 1  0  0       50.9 nm

26
-1  0  0       51.7 nm
 0 -1  0       49.9 nm
 0  0 -1      249.5 nm
 0  0  1      249.5 nm
 0  1  0       49.9 nm
 1  0  0       51.7 nm

27
-1  0  0       52.0 nm
 0 -1  0       49.6 nm
 0  0 -1      246.2 nm
 0  0  1      246.2 nm
 0  1  0       49.6 nm
 1  0  0       52.0 nm

28
-1  0  0       52.1 nm
 0 -1  0       50.5 nm
 0  0 -1      247.5 nm
 0  0  1      247.5 nm
 0  1  0       50.5 nm
 1  0  0       52.1 nm

29
-1  0  0       49.9 nm
 0 -1  0       51.5 nm
 0  0 -1      250.2 nm
 0  0  1      250.2 nm
 0  1  0       51.5 nm
 1  0  0       49.9 nm

30
-1  0  0       51.7 nm
 0 -1  0       50.9 nm
 0  0 -1      246.9 nm
 0  0  1      246.9 nm
 0  1  0       50.9 nm
 1  0  0       51.7 nm

31
-1  0  0       51.9 nm
 0 -1  0       50.5 nm
 0  0 -1      248.2 nm
 0  0  1      248.2 nm
 0  1  0       50.5 nm
 1  0  0       51.9 nm

32
-1  0  0       51.7 nm
 0 -1  0       50.5 nm
 0  0 -1      249.5 nm
 0  0  1      249.5 nm
 0  1  0       50.5 nm
 1  0  0       51.7 nm

33
-1  0  0       52.7 nm
 0 -1  0       50.5 nm
 0  0 -1      248.8 nm
 0  0  1      248.8 nm
 0  1  0       50.5 nm
 1  0  0       52.7 nm

34
-1  0  0       51.7 nm
 0 -1  0       51.5 nm
 0  0 -1      249.3 nm
 0  0  1      249.3 nm
 0  1  0       51.5 nm
 1  0  0       51.7 nm

35
-1  0  0       51.9 nm
 0 -1  0       51.5 nm
 0  0 -1      246.2 nm
 0  0  1      246.2 nm
 0  1  0       51.5 nm
 1  0  0       51.9 nm

36
-1  0  0       51.9 nm
 0 -1  0       50.5 nm
 0  0 -1      248.2 nm
 0  0  1      248.2 nm
 0  1  0       50.5 nm
 1  0  0       51.9 nm

37
-1  0  0       51.8 nm
 0 -1  0       51.5 nm
 0  0 -1      249.5 nm
 0  0  1      249.5 nm
 0  1  0       51.5 nm
 1  0  0       51.8 nm

38
-1  0  0       53.5 nm
 0 -1  0       51.5 nm
 0  0 -1      247.5 nm
 0  0  1      247.5 nm
 0  1  0       51.5 nm
 1  0  0       53.5 nm

39
-1  0  0       51.9 nm
 0 -1  0       52.5 nm
 0  0 -1      246.7 nm
 0  0  1      246.7 nm
 0  1  0       52.5 nm
 1  0  0       51.9 nm

