0
-1  0  0       85.4 nm
 0 -1  0       78.0 nm
 0  0 -1      186.1 nm
 0  0  1      186.1 nm
 0  1  0       78.0 nm
 1  0  0       85.4 nm

1
-1  0  0       85.4 nm
 0 -1  0       78.0 nm
 0  0 -1      187.4 nm
 0  0  1      187.4 nm
 0  1  0       78.0 nm
 1  0  0       85.4 nm

2
-1  0  0       84.8 nm
 0 -1  0       78.0 nm
 0  0 -1      186.7 nm
 0  0  1      186.7 nm
 0  1  0       78.0 nm
 1  0  0       84.8 nm

3
-1  0  0       85.8 nm
 0 -1  0       78.0 nm
 0  0 -1      184.2 nm
 0  0  1      184.2 nm
 0  1  0       78.0 nm
 1  0  0       85.8 nm

4
-1  0  0       85.4 nm
 0 -1  0       78.0 nm
 0  0 -1      183.0 nm
 0  0  1      183.0 nm
 0  1  0       78.0 nm
 1  0  0       85.4 nm

5
-1  0  0       85.4 nm
 0 -1  0       79.0 nm
 0  0 -1      178.5 nm
 0  0  1      178.5 nm
 0  1  0       79.0 nm
 1  0  0       85.4 nm

6
-1  0  0       83.4 nm
 0 -1  0       80.9 nm
 0  0 -1      173.5 nm
 0  0  1      173.5 nm
 0  1  0       80.9 nm
 1  0  0       83.4 nm

7
-1  0  0       80.0 nm
 0 -1  0       82.9 nm
 0  0 -1      172.0 nm
 0  0  1      172.0 nm
 0  1  0       82.9 nm
 1  0  0       80.0 nm

8
-1  0  0       74.3 nm
 0 -1  0       85.5 nm
 0  0 -1      170.2 nm
 0  0  1      170.2 nm
 0  1  0       85.5 nm
 1  0  0       74.3 nm

9
-1  0  0       66.9 nm
 0 -1  0       86.1 nm
 0  0 -1      170.0 nm
 0  0  1      170.0 nm
 0  1  0       86.1 nm
 1  0  0       66.9 nm

10
-1  0  0       59.9 nm
 0 -1  0       81.1 nm
 0  0 -1      175.5 nm
 0  0  1      175.5 nm
 0  1  0       81.1 nm
 1  0  0       59.9 nm

11
-1  0  0       55.5 nm
 0 -1  0       71.3 nm
 0  0 -1      187.0 nm
 0  0  1      187.0 nm
 0  1  0       71.3 nm
 1  0  0       55.5 nm

12
-1  0  0       51.9 nm
 0 -1  0       63.8 nm
 0  0 -1      203.5 nm
 0  0  1      203.5 nm
 0  1  0       63.8 nm
 1  0  0       51.9 nm

13
-1  0  0       50.7 nm
 0 -1  0       59.4 nm
 0  0 -1      219.2 nm
 0  0  1      219.2 nm
 0  1  0       59.4 nm
 1  0  0       50.7 nm

14
-1  0  0       48.9 nm
 0 -1  0       57.4 nm
 0  0 -1      232.9 nm
 0  0  1      232.9 nm
 0  1  0       57.4 nm
 1  0  0       48.9 nm

15
-1  0  0       48.0 nm
 0 -1  0       56.5 nm
 0  0 -1      238.3 nm
 0  0  1      238.3 nm
 0  1  0       56.5 nm
 1  0  0       48.0 nm

16
-1  0  0       48.9 nm
 0 -1  0       52.9 nm
 0  0 -1      243.4 nm
 0  0  1      243.4 nm
 0  1  0       52.9 nm
 1  0  0       48.9 nm

17
-1  0  0       48.9 nm
 0 -1  0       52.5 nm
 0  0 -1      244.2 nm
 0  0  1      244.2 nm
 0  1  0       52.5 nm
 1  0  0       48.9 nm

18
-1  0  0       50.1 nm
 0 -1  0       51.5 nm
 0  0 -1      244.1 nm
 0  0  1      244.1 nm
 0  1  0       51.5 nm
 1  0  0       50.1 nm

19
-1  0  0       49.9 nm
 0 -1  0       51.9 nm
 0  0 -1      242.9 nm
 0  0  1      242.9 nm
 0  1  0       51.9 nm
 1  0  0       49.9 nm

20
-1  0  0       50.9 nm
 0 -1  0       52.5 nm
 0  0 -1      241.6 nm
 0  0  1      241.6 nm
 0  1  0       52.5 nm
 1  0  0       50.9 nm

21
-1  0  0       51.7 nm
 0 -1  0       51.5 nm
 0  0 -1      241.0 nm
 0  0  1      241.0 nm
 0  1  0       51.5 nm
 1  0  0       51.7 nm

22
-1  0  0       51.0 nm
 0 -1  0       51.5 nm
 0  0 -1      237.8 nm
 0  0  1      237.8 nm
 0  1  0       51.5 nm
 1  0  0       51.0 nm

23
-1  0  0       51.5 nm
 0 -1  0       50.5 nm
 0  0 -1      239.6 nm
 0  0  1      239.6 nm
 0  1  0       50.5 nm
 1  0  0       51.5 nm

24
-1  0  0       50.9 nm
 0 -1  0       50.9 nm
 0  0 -1      239.6 nm
 0  0  1      239.6 nm
 0  1  0       50.9 nm
 1  0  0       50.9 nm

25
-1  0  0       51.7 nm
 0 -1  0       51.5 nm
 0  0 -1      239.4 nm
 0  0  1      239.4 nm
 0  1  0       51.5 nm
 1  0  0       51.7 nm

26
-1  0  0       52.1 nm
 0 -1  0       51.5 nm
 0  0 -1      239.5 nm
 0  0  1      239.5 nm
 0  1  0       51.5 nm
 1  0  0       52.1 nm

27
-1  0  0       51.0 nm
 0 -1  0       51.9 nm
 0  0 -1      239.8 nm
 0  0  1      239.8 nm
 0  1  0       51.9 nm
 1  0  0       51.0 nm

28
-1  0  0       51.5 nm
 0 -1  0       52.5 nm
 0  0 -1      238.4 nm
 0  0  1      238.4 nm
 0  1  0       52.5 nm
 1  0  0       51.5 nm

29
-1  0  0       51.7 nm
 0 -1  0       51.9 nm
 0  0 -1      237.2 nm
 0  0  1      237.2 nm
 0  1  0       51.9 nm
 1  0  0       51.7 nm

30
-1  0  0       52.7 nm
 0 -1  0       52.5 nm
 0  0 -1      239.0 nm
 0  0  1      239.0 nm
 0  1  0       52.5 nm
 1  0  0       52.7 nm

31
-1  0  0       51.9 nm
 0 -1  0       52.5 nm
 0  0 -1      238.4 nm
 0  0  1      238.4 nm
 0  1  0       52.5 nm
 1  0  0       51.9 nm

32
-1  0  0       52.0 nm
 0 -1  0       52.5 nm
 0  0 -1      239.7 nm
 0  0  1      239.7 nm
 0  1  0       52.5 nm
 1  0  0       52.0 nm

33
-1  0  0       52.7 nm
 0 -1  0       53.5 nm
 0  0 -1      238.2 nm
 0  0  1      238.2 nm
 0  1  0       53.5 nm
 1  0  0       52.7 nm

34
-1  0  0       53.0 nm
 0 -1  0       51.9 nm
 0  0 -1      237.5 nm
 0  0  1      237.5 nm
 0  1  0       51.9 nm
 1  0  0       53.0 nm

35
-1  0  0       51.9 nm
 0 -1  0       52.9 nm
 0  0 -1      240.9 nm
 0  0  1      240.9 nm
 0  1  0       52.9 nm
 1  0  0       51.9 nm

36
-1  0  0       51.9 nm
 0 -1  0       51.9 nm
 0  0 -1      241.0 nm
 0  0  1      241.0 nm
 0  1  0       51.9 nm
 1  0  0       51.9 nm

37
-1  0  0       53.7 nm
 0 -1  0       51.5 nm
 0  0 -1      238.3 nm
 0  0  1      238.3 nm
 0  1  0       51.5 nm
 1  0  0       53.7 nm

38
-1  0  0       53.0 nm
 0 -1  0       52.5 nm
 0  0 -1      238.3 nm
 0  0  1      238.3 nm
 0  1  0       52.5 nm
 1  0  0       53.0 nm

39
-1  0  0       53.7 nm
 0 -1  0       52.5 nm
 0  0 -1      238.3 nm
 0  0  1      238.3 nm
 0  1  0       52.5 nm
 1  0  0       53.7 nm

