0
-1  0  0       50.7 nm
 0 -1  0      399.5 nm
 0  0 -1       71.9 nm
 0  0  1       71.9 nm
 0  1  0      399.5 nm
 1  0  0       50.7 nm

1
-1  0  0       56.7 nm
 0 -1  0      293.1 nm
 0  0 -1       79.7 nm
 0  0  1       79.7 nm
 0  1  0      293.1 nm
 1  0  0       56.7 nm

2
-1  0  0       64.4 nm
 0 -1  0      231.5 nm
 0  0 -1       83.7 nm
 0  0  1       83.7 nm
 0  1  0      231.5 nm
 1  0  0       64.4 nm

3
-1  0  0       74.4 nm
 0 -1  0      161.9 nm
 0  0 -1       92.9 nm
 0  0  1       92.9 nm
 0  1  0      161.9 nm
 1  0  0       74.4 nm

4
-1  0  0       84.4 nm
 0 -1  0      120.4 nm
 0  0 -1      102.1 nm
 0  0  1      102.1 nm
 0  1  0      120.4 nm
 1  0  0       84.4 nm

5
-1  0  0       88.5 nm
 0 -1  0       97.7 nm
 0  0 -1      112.4 nm
 0  0  1      112.4 nm
 0  1  0       97.7 nm
 1  0  0       88.5 nm

6
-1  0  0       90.5 nm
 0 -1  0       88.8 nm
 0  0 -1      117.9 nm
 0  0  1      117.9 nm
 0  1  0       88.8 nm
 1  0  0       90.5 nm

7
-1  0  0       89.5 nm
 0 -1  0       82.9 nm
 0  0 -1      122.5 nm
 0  0  1      122.5 nm
 0  1  0       82.9 nm
 1  0  0       89.5 nm

8
-1  0  0       89.5 nm
 0 -1  0       80.5 nm
 0  0 -1      125.7 nm
 0  0  1      125.7 nm
 0  1  0       80.5 nm
 1  0  0       89.5 nm

9
-1  0  0       85.8 nm
 0 -1  0       79.5 nm
 0  0 -1      126.2 nm
 0  0  1      126.2 nm
 0  1  0       79.5 nm
 1  0  0       85.8 nm

10
-1  0  0       86.5 nm
 0 -1  0       77.6 nm
 0  0 -1      126.8 nm
 0  0  1      126.8 nm
 0  1  0       77.6 nm
 1  0  0       86.5 nm

11
-1  0  0       87.5 nm
 0 -1  0       74.6 nm
 0  0 -1      131.0 nm
 0  0  1      131.0 nm
 0  1  0       74.6 nm
 1  0  0       87.5 nm

12
-1  0  0       86.4 nm
 0 -1  0       74.0 nm
 0  0 -1      131.0 nm
 0  0  1      131.0 nm
 0  1  0       74.0 nm
 1  0  0       86.4 nm

13
-1  0  0       88.5 nm
 0 -1  0       70.1 nm
 0  0 -1      133.6 nm
 0  0  1      133.6 nm
 0  1  0       70.1 nm
 1  0  0       88.5 nm

14
-1  0  0       90.5 nm
 0 -1  0       66.7 nm
 0  0 -1      136.3 nm
 0  0  1      136.3 nm
 0  1  0       66.7 nm
 1  0  0       90.5 nm

15
-1  0  0       90.5 nm
 0 -1  0       65.7 nm
 0  0 -1      140.9 nm
 0  0  1      140.9 nm
 0  1  0       65.7 nm
 1  0  0       90.5 nm

16
-1  0  0       91.2 nm
 0 -1  0       64.1 nm
 0  0 -1      140.2 nm
 0  0  1      140.2 nm
 0  1  0       64.1 nm
 1  0  0       91.2 nm

17
-1  0  0       92.5 nm
 0 -1  0       63.2 nm
 0  0 -1      142.2 nm
 0  0  1      142.2 nm
 0  1  0       63.2 nm
 1  0  0       92.5 nm

18
-1  0  0       94.5 nm
 0 -1  0       60.2 nm
 0  0 -1      144.8 nm
 0  0  1      144.8 nm
 0  1  0       60.2 nm
 1  0  0       94.5 nm

19
-1  0  0       93.9 nm
 0 -1  0       60.2 nm
 0  0 -1      145.5 nm
 0  0  1      145.5 nm
 0  1  0       60.2 nm
 1  0  0       93.9 nm

20
-1  0  0       94.9 nm
 0 -1  0       60.2 nm
 0  0 -1      147.8 nm
 0  0  1      147.8 nm
 0  1  0       60.2 nm
 1  0  0       94.9 nm

21
-1  0  0       97.5 nm
 0 -1  0       60.2 nm
 0  0 -1      145.5 nm
 0  0  1      145.5 nm
 0  1  0       60.2 nm
 1  0  0       97.5 nm

22
-1  0  0       96.5 nm
 0 -1  0       59.2 nm
 0  0 -1      148.1 nm
 0  0  1      148.1 nm
 0  1  0       59.2 nm
 1  0  0       96.5 nm

23
-1  0  0       98.9 nm
 0 -1  0       58.2 nm
 0  0 -1      147.8 nm
 0  0  1      147.8 nm
 0  1  0       58.2 nm
 1  0  0       98.9 nm

24
-1  0  0       97.5 nm
 0 -1  0       56.8 nm
 0  0 -1      152.4 nm
 0  0  1      152.4 nm
 0  1  0       56.8 nm
 1  0  0       97.5 nm

25
-1  0  0      100.5 nm
 0 -1  0       55.3 nm
 0  0 -1      152.0 nm
 0  0  1      152.0 nm
 0  1  0       55.3 nm
 1  0  0      100.5 nm

26
-1  0  0       98.5 nm
 0 -1  0       57.2 nm
 0  0 -1      151.4 nm
 0  0  1      151.4 nm
 0  1  0       57.2 nm
 1  0  0       98.5 nm

27
-1  0  0      100.5 nm
 0 -1  0       56.3 nm
 0  0 -1      150.1 nm
 0  0  1      150.1 nm
 0  1  0       56.3 nm
 1  0  0      100.5 nm

28
-1  0  0      101.5 nm
 0 -1  0       56.3 nm
 0  0 -1      152.0 nm
 0  0  1      152.0 nm
 0  1  0       56.3 nm
 1  0  0      101.5 nm

29
-1  0  0      101.5 nm
 0 -1  0       56.8 nm
 0  0 -1      152.7 nm
 0  0  1      152.7 nm
 0  1  0       56.8 nm
 1  0  0      101.5 nm

30
-1  0  0      102.5 nm
 0 -1  0       55.3 nm
 0  0 -1      152.7 nm
 0  0  1      152.7 nm
 0  1  0       55.3 nm
 1  0  0      102.5 nm

31
-1  0  0      101.5 nm
 0 -1  0       56.3 nm
 0  0 -1      154.0 nm
 0  0  1      154.0 nm
 0  1  0       56.3 nm
 1  0  0      101.5 nm

32
-1  0  0      102.5 nm
 0 -1  0       55.3 nm
 0  0 -1      153.3 nm
 0  0  1      153.3 nm
 0  1  0       55.3 nm
 1  0  0      102.5 nm

33
-1  0  0      103.9 nm
 0 -1  0       56.3 nm
 0  0 -1      151.4 nm
 0  0  1      151.4 nm
 0  1  0       56.3 nm
 1  0  0      103.9 nm

34
-1  0  0      100.9 nm
 0 -1  0       56.3 nm
 0  0 -1      152.0 nm
 0  0  1      152.0 nm
 0  1  0       56.3 nm
 1  0  0      100.9 nm

35
-1  0  0      102.5 nm
 0 -1  0       57.2 nm
 0  0 -1      154.7 nm
 0  0  1      154.7 nm
 0  1  0       57.2 nm
 1  0  0      102.5 nm

36
-1  0  0      103.6 nm
 0 -1  0       55.9 nm
 0  0 -1      152.7 nm
 0  0  1      152.7 nm
 0  1  0       55.9 nm
 1  0  0      103.6 nm

37
-1  0  0      104.6 nm
 0 -1  0       56.8 nm
 0  0 -1      152.7 nm
 0  0  1      152.7 nm
 0  1  0       56.8 nm
 1  0  0      104.6 nm

38
-1  0  0      103.9 nm
 0 -1  0       55.3 nm
 0  0 -1      154.7 nm
 0  0  1      154.7 nm
 0  1  0       55.3 nm
 1  0  0      103.9 nm

39
-1  0  0      103.6 nm
 0 -1  0       56.3 nm
 0  0 -1      152.0 nm
 0  0  1      152.0 nm
 0  1  0       56.3 nm
 1  0  0      103.6 nm

