0
-1  0  0       85.8 nm
 0 -1  0       77.0 nm
 0  0 -1      185.5 nm
 0  0  1      185.5 nm
 0  1  0       77.0 nm
 1  0  0       85.8 nm

1
-1  0  0       85.8 nm
 0 -1  0       77.4 nm
 0  0 -1      186.7 nm
 0  0  1      186.7 nm
 0  1  0       77.4 nm
 1  0  0       85.8 nm

2
-1  0  0       85.4 nm
 0 -1  0       78.0 nm
 0  0 -1      185.2 nm
 0  0  1      185.2 nm
 0  1  0       78.0 nm
 1  0  0       85.4 nm

3
-1  0  0       86.4 nm
 0 -1  0       77.4 nm
 0  0 -1      185.0 nm
 0  0  1      185.0 nm
 0  1  0       77.4 nm
 1  0  0       86.4 nm

4
-1  0  0       86.8 nm
 0 -1  0       78.0 nm
 0  0 -1      181.5 nm
 0  0  1      181.5 nm
 0  1  0       78.0 nm
 1  0  0       86.8 nm

5
-1  0  0       86.4 nm
 0 -1  0       79.0 nm
 0  0 -1      177.2 nm
 0  0  1      177.2 nm
 0  1  0       79.0 nm
 1  0  0       86.4 nm

6
-1  0  0       84.4 nm
 0 -1  0       81.5 nm
 0  0 -1      173.1 nm
 0  0  1      173.1 nm
 0  1  0       81.5 nm
 1  0  0       84.4 nm

7
-1  0  0       80.2 nm
 0 -1  0       83.9 nm
 0  0 -1      170.7 nm
 0  0  1      170.7 nm
 0  1  0       83.9 nm
 1  0  0       80.2 nm

8
-1  0  0       75.8 nm
 0 -1  0       85.5 nm
 0  0 -1      168.6 nm
 0  0  1      168.6 nm
 0  1  0       85.5 nm
 1  0  0       75.8 nm

9
-1  0  0       68.1 nm
 0 -1  0       87.1 nm
 0  0 -1      167.5 nm
 0  0  1      167.5 nm
 0  1  0       87.1 nm
 1  0  0       68.1 nm

10
-1  0  0       60.9 nm
 0 -1  0       82.1 nm
 0  0 -1      172.6 nm
 0  0  1      172.6 nm
 0  1  0       82.1 nm
 1  0  0       60.9 nm

11
-1  0  0       55.7 nm
 0 -1  0       72.6 nm
 0  0 -1      182.4 nm
 0  0  1      182.4 nm
 0  1  0       72.6 nm
 1  0  0       55.7 nm

12
-1  0  0       52.5 nm
 0 -1  0       66.7 nm
 0  0 -1      196.6 nm
 0  0  1      196.6 nm
 0  1  0       66.7 nm
 1  0  0       52.5 nm

13
-1  0  0       49.7 nm
 0 -1  0       62.4 nm
 0  0 -1      211.4 nm
 0  0  1      211.4 nm
 0  1  0       62.4 nm
 1  0  0       49.7 nm

14
-1  0  0       49.1 nm
 0 -1  0       58.4 nm
 0  0 -1      223.9 nm
 0  0  1      223.9 nm
 0  1  0       58.4 nm
 1  0  0       49.1 nm

15
-1  0  0       48.0 nm
 0 -1  0       56.5 nm
 0  0 -1      230.9 nm
 0  0  1      230.9 nm
 0  1  0       56.5 nm
 1  0  0       48.0 nm

16
-1  0  0       48.7 nm
 0 -1  0       54.5 nm
 0  0 -1      234.4 nm
 0  0  1      234.4 nm
 0  1  0       54.5 nm
 1  0  0       48.7 nm

17
-1  0  0       49.9 nm
 0 -1  0       52.9 nm
 0  0 -1      232.4 nm
 0  0  1      232.4 nm
 0  1  0       52.9 nm
 1  0  0       49.9 nm

18
-1  0  0       49.0 nm
 0 -1  0       53.9 nm
 0  0 -1      235.6 nm
 0  0  1      235.6 nm
 0  1  0       53.9 nm
 1  0  0       49.0 nm

19
-1  0  0       49.0 nm
 0 -1  0       53.9 nm
 0  0 -1      235.7 nm
 0  0  1      235.7 nm
 0  1  0       53.9 nm
 1  0  0       49.0 nm

20
-1  0  0       51.9 nm
 0 -1  0       52.5 nm
 0  0 -1      231.6 nm
 0  0  1      231.6 nm
 0  1  0       52.5 nm
 1  0  0       51.9 nm

21
-1  0  0       50.0 nm
 0 -1  0       53.3 nm
 0  0 -1      233.7 nm
 0  0  1      233.7 nm
 0  1  0       53.3 nm
 1  0  0       50.0 nm

22
-1  0  0       50.7 nm
 0 -1  0       52.5 nm
 0  0 -1      231.8 nm
 0  0  1      231.8 nm
 0  1  0       52.5 nm
 1  0  0       50.7 nm

23
-1  0  0       51.0 nm
 0 -1  0       51.9 nm
 0  0 -1      229.1 nm
 0  0  1      229.1 nm
 0  1  0       51.9 nm
 1  0  0       51.0 nm

24
-1  0  0       51.9 nm
 0 -1  0       52.9 nm
 0  0 -1      227.6 nm
 0  0  1      227.6 nm
 0  1  0       52.9 nm
 1  0  0       51.9 nm

25
-1  0  0       52.7 nm
 0 -1  0       53.9 nm
 0  0 -1      226.6 nm
 0  0  1      226.6 nm
 0  1  0       53.9 nm
 1  0  0       52.7 nm

26
-1  0  0       52.9 nm
 0 -1  0       52.5 nm
 0  0 -1      227.8 nm
 0  0  1      227.8 nm
 0  1  0       52.5 nm
 1  0  0       52.9 nm

27
-1  0  0       51.7 nm
 0 -1  0       53.5 nm
 0  0 -1      230.2 nm
 0  0  1      230.2 nm
 0  1  0       53.5 nm
 1  0  0       51.7 nm

28
-1  0  0       53.9 nm
 0 -1  0       52.5 nm
 0  0 -1      225.2 nm
 0  0  1      225.2 nm
 0  1  0       52.5 nm
 1  0  0       53.9 nm

29
-1  0  0       53.0 nm
 0 -1  0       52.9 nm
 0  0 -1      227.3 nm
 0  0  1      227.3 nm
 0  1  0       52.9 nm
 1  0  0       53.0 nm

30
-1  0  0       52.9 nm
 0 -1  0       52.5 nm
 0  0 -1      229.5 nm
 0  0  1      229.5 nm
 0  1  0       52.5 nm
 1  0  0       52.9 nm

31
-1  0  0       52.9 nm
 0 -1  0       53.5 nm
 0  0 -1      227.8 nm
 0  0  1      227.8 nm
 0  1  0       53.5 nm
 1  0  0       52.9 nm

32
-1  0  0       51.7 nm
 0 -1  0       53.5 nm
 0  0 -1      228.0 nm
 0  0  1      228.0 nm
 0  1  0       53.5 nm
 1  0  0       51.7 nm

33
-1  0  0       53.0 nm
 0 -1  0       53.5 nm
 0  0 -1      227.6 nm
 0  0  1      227.6 nm
 0  1  0       53.5 nm
 1  0  0       53.0 nm

34
-1  0  0       52.7 nm
 0 -1  0       53.5 nm
 0  0 -1      228.4 nm
 0  0  1      228.4 nm
 0  1  0       53.5 nm
 1  0  0       52.7 nm

35
-1  0  0       52.9 nm
 0 -1  0       52.5 nm
 0  0 -1      229.9 nm
 0  0  1      229.9 nm
 0  1  0       52.5 nm
 1  0  0       52.9 nm

36
-1  0  0       52.7 nm
 0 -1  0       54.5 nm
 0  0 -1      227.9 nm
 0  0  1      227.9 nm
 0  1  0       54.5 nm
 1  0  0       52.7 nm

37
-1  0  0       53.1 nm
 0 -1  0       53.9 nm
 0  0 -1      227.9 nm
 0  0  1      227.9 nm
 0  1  0       53.9 nm
 1  0  0       53.1 nm

38
-1  0  0       52.9 nm
 0 -1  0       54.5 nm
 0  0 -1      226.5 nm
 0  0  1      226.5 nm
 0  1  0       54.5 nm
 1  0  0       52.9 nm

39
-1  0  0       52.9 nm
 0 -1  0       54.3 nm
 0  0 -1      227.8 nm
 0  0  1      227.8 nm
 0  1  0       54.3 nm
 1  0  0       52.9 nm

