0
-1  0  0       86.4 nm
 0 -1  0       78.0 nm
 0  0 -1      186.1 nm
 0  0  1      186.1 nm
 0  1  0       78.0 nm
 1  0  0       86.4 nm

1
-1  0  0       86.4 nm
 0 -1  0       78.0 nm
 0  0 -1      184.1 nm
 0  0  1      184.1 nm
 0  1  0       78.0 nm
 1  0  0       86.4 nm

2
-1  0  0       85.8 nm
 0 -1  0       78.0 nm
 0  0 -1      185.3 nm
 0  0  1      185.3 nm
 0  1  0       78.0 nm
 1  0  0       85.8 nm

3
-1  0  0       86.8 nm
 0 -1  0       77.0 nm
 0  0 -1      182.8 nm
 0  0  1      182.8 nm
 0  1  0       77.0 nm
 1  0  0       86.8 nm

4
-1  0  0       86.4 nm
 0 -1  0       79.0 nm
 0  0 -1      180.2 nm
 0  0  1      180.2 nm
 0  1  0       79.0 nm
 1  0  0       86.4 nm

5
-1  0  0       86.4 nm
 0 -1  0       79.0 nm
 0  0 -1      177.4 nm
 0  0  1      177.4 nm
 0  1  0       79.0 nm
 1  0  0       86.4 nm

6
-1  0  0       85.4 nm
 0 -1  0       82.5 nm
 0  0 -1      171.8 nm
 0  0  1      171.8 nm
 0  1  0       82.5 nm
 1  0  0       85.4 nm

7
-1  0  0       81.0 nm
 0 -1  0       83.5 nm
 0  0 -1      168.7 nm
 0  0  1      168.7 nm
 0  1  0       83.5 nm
 1  0  0       81.0 nm

8
-1  0  0       75.9 nm
 0 -1  0       86.1 nm
 0  0 -1      167.4 nm
 0  0  1      167.4 nm
 0  1  0       86.1 nm
 1  0  0       75.9 nm

9
-1  0  0       68.5 nm
 0 -1  0       88.0 nm
 0  0 -1      165.9 nm
 0  0  1      165.9 nm
 0  1  0       88.0 nm
 1  0  0       68.5 nm

10
-1  0  0       60.5 nm
 0 -1  0       85.1 nm
 0  0 -1      167.5 nm
 0  0  1      167.5 nm
 0  1  0       85.1 nm
 1  0  0       60.5 nm

11
-1  0  0       56.7 nm
 0 -1  0       76.2 nm
 0  0 -1      174.7 nm
 0  0  1      174.7 nm
 0  1  0       76.2 nm
 1  0  0       56.7 nm

12
-1  0  0       53.9 nm
 0 -1  0       68.3 nm
 0  0 -1      189.7 nm
 0  0  1      189.7 nm
 0  1  0       68.3 nm
 1  0  0       53.9 nm

13
-1  0  0       50.7 nm
 0 -1  0       64.7 nm
 0  0 -1      204.8 nm
 0  0  1      204.8 nm
 0  1  0       64.7 nm
 1  0  0       50.7 nm

14
-1  0  0       49.7 nm
 0 -1  0       60.4 nm
 0  0 -1      214.0 nm
 0  0  1      214.0 nm
 0  1  0       60.4 nm
 1  0  0       49.7 nm

15
-1  0  0       47.9 nm
 0 -1  0       59.4 nm
 0  0 -1      223.8 nm
 0  0  1      223.8 nm
 0  1  0       59.4 nm
 1  0  0       47.9 nm

16
-1  0  0       48.9 nm
 0 -1  0       57.8 nm
 0  0 -1      224.0 nm
 0  0  1      224.0 nm
 0  1  0       57.8 nm
 1  0  0       48.9 nm

17
-1  0  0       48.9 nm
 0 -1  0       56.5 nm
 0  0 -1      223.9 nm
 0  0  1      223.9 nm
 0  1  0       56.5 nm
 1  0  0       48.9 nm

18
-1  0  0       49.9 nm
 0 -1  0       54.9 nm
 0  0 -1      223.4 nm
 0  0  1      223.4 nm
 0  1  0       54.9 nm
 1  0  0       49.9 nm

19
-1  0  0       50.7 nm
 0 -1  0       54.5 nm
 0  0 -1      223.2 nm
 0  0  1      223.2 nm
 0  1  0       54.5 nm
 1  0  0       50.7 nm

20
-1  0  0       51.9 nm
 0 -1  0       54.5 nm
 0  0 -1      220.5 nm
 0  0  1      220.5 nm
 0  1  0       54.5 nm
 1  0  0       51.9 nm

21
-1  0  0       51.9 nm
 0 -1  0       54.5 nm
 0  0 -1      221.3 nm
 0  0  1      221.3 nm
 0  1  0       54.5 nm
 1  0  0       51.9 nm

22
-1  0  0       51.9 nm
 0 -1  0       54.5 nm
 0  0 -1      220.9 nm
 0  0  1      220.9 nm
 0  1  0       54.5 nm
 1  0  0       51.9 nm

23
-1  0  0       51.9 nm
 0 -1  0       53.9 nm
 0  0 -1      219.8 nm
 0  0  1      219.8 nm
 0  1  0       53.9 nm
 1  0  0       51.9 nm

24
-1  0  0       51.7 nm
 0 -1  0       55.9 nm
 0  0 -1      217.3 nm
 0  0  1      217.3 nm
 0  1  0       55.9 nm
 1  0  0       51.7 nm

25
-1  0  0       52.7 nm
 0 -1  0       54.5 nm
 0  0 -1      216.7 nm
 0  0  1      216.7 nm
 0  1  0       54.5 nm
 1  0  0       52.7 nm

26
-1  0  0       52.7 nm
 0 -1  0       54.5 nm
 0  0 -1      216.0 nm
 0  0  1      216.0 nm
 0  1  0       54.5 nm
 1  0  0       52.7 nm

27
-1  0  0       53.0 nm
 0 -1  0       55.5 nm
 0  0 -1      216.1 nm
 0  0  1      216.1 nm
 0  1  0       55.5 nm
 1  0  0       53.0 nm

28
-1  0  0       53.7 nm
 0 -1  0       54.5 nm
 0  0 -1      216.3 nm
 0  0  1      216.3 nm
 0  1  0       54.5 nm
 1  0  0       53.7 nm

29
-1  0  0       53.9 nm
 0 -1  0       55.5 nm
 0  0 -1      214.7 nm
 0  0  1      214.7 nm
 0  1  0       55.5 nm
 1  0  0       53.9 nm

30
-1  0  0       52.9 nm
 0 -1  0       54.5 nm
 0  0 -1      215.7 nm
 0  0  1      215.7 nm
 0  1  0       54.5 nm
 1  0  0       52.9 nm

31
-1  0  0       53.5 nm
 0 -1  0       53.5 nm
 0  0 -1      217.1 nm
 0  0  1      217.1 nm
 0  1  0       53.5 nm
 1  0  0       53.5 nm

32
-1  0  0       53.9 nm
 0 -1  0       54.5 nm
 0  0 -1      216.7 nm
 0  0  1      216.7 nm
 0  1  0       54.5 nm
 1  0  0       53.9 nm

33
-1  0  0       53.7 nm
 0 -1  0       54.5 nm
 0  0 -1      216.1 nm
 0  0  1      216.1 nm
 0  1  0       54.5 nm
 1  0  0       53.7 nm

34
-1  0  0       53.7 nm
 0 -1  0       54.9 nm
 0  0 -1      216.7 nm
 0  0  1      216.7 nm
 0  1  0       54.9 nm
 1  0  0       53.7 nm

35
-1  0  0       52.9 nm
 0 -1  0       55.9 nm
 0  0 -1      216.7 nm
 0  0  1      216.7 nm
 0  1  0       55.9 nm
 1  0  0       52.9 nm

36
-1  0  0       52.9 nm
 0 -1  0       55.5 nm
 0  0 -1      218.6 nm
 0  0  1      218.6 nm
 0  1  0       55.5 nm
 1  0  0       52.9 nm

37
-1  0  0       54.7 nm
 0 -1  0       54.5 nm
 0  0 -1      217.5 nm
 0  0  1      217.5 nm
 0  1  0       54.5 nm
 1  0  0       54.7 nm

38
-1  0  0       53.9 nm
 0 -1  0       55.5 nm
 0  0 -1      217.4 nm
 0  0  1      217.4 nm
 0  1  0       55.5 nm
 1  0  0       53.9 nm

39
-1  0  0       53.7 nm
 0 -1  0       56.5 nm
 0  0 -1      218.0 nm
 0  0  1      218.0 nm
 0  1  0       56.5 nm
 1  0  0       53.7 nm

