0
-1  0  0       85.4 nm
 0 -1  0       77.0 nm
 0  0 -1      184.1 nm
 0  0  1      184.1 nm
 0  1  0       77.0 nm
 1  0  0       85.4 nm

1
-1  0  0       86.6 nm
 0 -1  0       78.0 nm
 0  0 -1      183.5 nm
 0  0  1      183.5 nm
 0  1  0       78.0 nm
 1  0  0       86.6 nm

2
-1  0  0       86.4 nm
 0 -1  0       78.0 nm
 0  0 -1      184.0 nm
 0  0  1      184.0 nm
 0  1  0       78.0 nm
 1  0  0       86.4 nm

3
-1  0  0       86.8 nm
 0 -1  0       79.0 nm
 0  0 -1      182.1 nm
 0  0  1      182.1 nm
 0  1  0       79.0 nm
 1  0  0       86.8 nm

4
-1  0  0       87.4 nm
 0 -1  0       79.3 nm
 0  0 -1      179.4 nm
 0  0  1      179.4 nm
 0  1  0       79.3 nm
 1  0  0       87.4 nm

5
-1  0  0       87.4 nm
 0 -1  0       79.9 nm
 0  0 -1      174.7 nm
 0  0  1      174.7 nm
 0  1  0       79.9 nm
 1  0  0       87.4 nm

6
-1  0  0       85.4 nm
 0 -1  0       81.9 nm
 0  0 -1      171.8 nm
 0  0  1      171.8 nm
 0  1  0       81.9 nm
 1  0  0       85.4 nm

7
-1  0  0       82.0 nm
 0 -1  0       84.1 nm
 0  0 -1      167.7 nm
 0  0  1      167.7 nm
 0  1  0       84.1 nm
 1  0  0       82.0 nm

8
-1  0  0       77.8 nm
 0 -1  0       87.4 nm
 0  0 -1      164.4 nm
 0  0  1      164.4 nm
 0  1  0       87.4 nm
 1  0  0       77.8 nm

9
-1  0  0       69.9 nm
 0 -1  0       89.0 nm
 0  0 -1      163.0 nm
 0  0  1      163.0 nm
 0  1  0       89.0 nm
 1  0  0       69.9 nm

10
-1  0  0       61.9 nm
 0 -1  0       86.1 nm
 0  0 -1      162.1 nm
 0  0  1      162.1 nm
 0  1  0       86.1 nm
 1  0  0       61.9 nm

11
-1  0  0       57.0 nm
 0 -1  0       78.2 nm
 0  0 -1      169.3 nm
 0  0  1      169.3 nm
 0  1  0       78.2 nm
 1  0  0       57.0 nm

12
-1  0  0       54.7 nm
 0 -1  0       70.3 nm
 0  0 -1      179.9 nm
 0  0  1      179.9 nm
 0  1  0       70.3 nm
 1  0  0       54.7 nm

13
-1  0  0       51.7 nm
 0 -1  0       65.1 nm
 0  0 -1      196.2 nm
 0  0  1      196.2 nm
 0  1  0       65.1 nm
 1  0  0       51.7 nm

14
-1  0  0       49.0 nm
 0 -1  0       61.4 nm
 0  0 -1      205.5 nm
 0  0  1      205.5 nm
 0  1  0       61.4 nm
 1  0  0       49.0 nm

15
-1  0  0       48.0 nm
 0 -1  0       60.8 nm
 0  0 -1      213.2 nm
 0  0  1      213.2 nm
 0  1  0       60.8 nm
 1  0  0       48.0 nm

16
-1  0  0       49.7 nm
 0 -1  0       58.4 nm
 0  0 -1      214.7 nm
 0  0  1      214.7 nm
 0  1  0       58.4 nm
 1  0  0       49.7 nm

17
-1  0  0       49.9 nm
 0 -1  0       58.4 nm
 0  0 -1      215.3 nm
 0  0  1      215.3 nm
 0  1  0       58.4 nm
 1  0  0       49.9 nm

18
-1  0  0       50.9 nm
 0 -1  0       57.4 nm
 0  0 -1      212.3 nm
 0  0  1      212.3 nm
 0  1  0       57.4 nm
 1  0  0       50.9 nm

19
-1  0  0       51.0 nm
 0 -1  0       56.5 nm
 0  0 -1      211.4 nm
 0  0  1      211.4 nm
 0  1  0       56.5 nm
 1  0  0       51.0 nm

20
-1  0  0       50.7 nm
 0 -1  0       57.8 nm
 0  0 -1      211.4 nm
 0  0  1      211.4 nm
 0  1  0       57.8 nm
 1  0  0       50.7 nm

21
-1  0  0       52.9 nm
 0 -1  0       56.5 nm
 0  0 -1      210.7 nm
 0  0  1      210.7 nm
 0  1  0       56.5 nm
 1  0  0       52.9 nm

22
-1  0  0       52.9 nm
 0 -1  0       55.9 nm
 0  0 -1      208.1 nm
 0  0  1      208.1 nm
 0  1  0       55.9 nm
 1  0  0       52.9 nm

23
-1  0  0       53.7 nm
 0 -1  0       57.4 nm
 0  0 -1      204.9 nm
 0  0  1      204.9 nm
 0  1  0       57.4 nm
 1  0  0       53.7 nm

24
-1  0  0       52.9 nm
 0 -1  0       56.9 nm
 0  0 -1      203.7 nm
 0  0  1      203.7 nm
 0  1  0       56.9 nm
 1  0  0       52.9 nm

25
-1  0  0       53.9 nm
 0 -1  0       56.3 nm
 0  0 -1      204.8 nm
 0  0  1      204.8 nm
 0  1  0       56.3 nm
 1  0  0       53.9 nm

26
-1  0  0       53.7 nm
 0 -1  0       56.9 nm
 0  0 -1      201.6 nm
 0  0  1      201.6 nm
 0  1  0       56.9 nm
 1  0  0       53.7 nm

27
-1  0  0       54.0 nm
 0 -1  0       56.5 nm
 0  0 -1      203.3 nm
 0  0  1      203.3 nm
 0  1  0       56.5 nm
 1  0  0       54.0 nm

28
-1  0  0       54.0 nm
 0 -1  0       56.9 nm
 0  0 -1      202.2 nm
 0  0  1      202.2 nm
 0  1  0       56.9 nm
 1  0  0       54.0 nm

29
-1  0  0       53.9 nm
 0 -1  0       56.5 nm
 0  0 -1      204.8 nm
 0  0  1      204.8 nm
 0  1  0       56.5 nm
 1  0  0       53.9 nm

30
-1  0  0       55.7 nm
 0 -1  0       56.5 nm
 0  0 -1      202.9 nm
 0  0  1      202.9 nm
 0  1  0       56.5 nm
 1  0  0       55.7 nm

31
-1  0  0       53.9 nm
 0 -1  0       56.5 nm
 0  0 -1      203.4 nm
 0  0  1      203.4 nm
 0  1  0       56.5 nm
 1  0  0       53.9 nm

32
-1  0  0       54.9 nm
 0 -1  0       56.9 nm
 0  0 -1      199.6 nm
 0  0  1      199.6 nm
 0  1  0       56.9 nm
 1  0  0       54.9 nm

33
-1  0  0       53.9 nm
 0 -1  0       56.9 nm
 0  0 -1      202.7 nm
 0  0  1      202.7 nm
 0  1  0       56.9 nm
 1  0  0       53.9 nm

34
-1  0  0       55.7 nm
 0 -1  0       56.5 nm
 0  0 -1      202.9 nm
 0  0  1      202.9 nm
 0  1  0       56.5 nm
 1  0  0       55.7 nm

35
-1  0  0       54.9 nm
 0 -1  0       57.4 nm
 0  0 -1      202.9 nm
 0  0  1      202.9 nm
 0  1  0       57.4 nm
 1  0  0       54.9 nm

36
-1  0  0       54.9 nm
 0 -1  0       57.4 nm
 0  0 -1      204.8 nm
 0  0  1      204.8 nm
 0  1  0       57.4 nm
 1  0  0       54.9 nm

37
-1  0  0       54.9 nm
 0 -1  0       56.9 nm
 0  0 -1      205.4 nm
 0  0  1      205.4 nm
 0  1  0       56.9 nm
 1  0  0       54.9 nm

38
-1  0  0       53.7 nm
 0 -1  0       57.4 nm
 0  0 -1      204.2 nm
 0  0  1      204.2 nm
 0  1  0       57.4 nm
 1  0  0       53.7 nm

39
-1  0  0       55.5 nm
 0 -1  0       57.4 nm
 0  0 -1      202.9 nm
 0  0  1      202.9 nm
 0  1  0       57.4 nm
 1  0  0       55.5 nm

