0
-1  0  0       88.4 nm
 0 -1  0       79.0 nm
 0  0 -1      182.8 nm
 0  0  1      182.8 nm
 0  1  0       79.0 nm
 1  0  0       88.4 nm

1
-1  0  0       87.5 nm
 0 -1  0       78.0 nm
 0  0 -1      181.5 nm
 0  0  1      181.5 nm
 0  1  0       78.0 nm
 1  0  0       87.5 nm

2
-1  0  0       87.4 nm
 0 -1  0       79.9 nm
 0  0 -1      180.8 nm
 0  0  1      180.8 nm
 0  1  0       79.9 nm
 1  0  0       87.4 nm

3
-1  0  0       87.4 nm
 0 -1  0       79.0 nm
 0  0 -1      180.7 nm
 0  0  1      180.7 nm
 0  1  0       79.0 nm
 1  0  0       87.4 nm

4
-1  0  0       87.4 nm
 0 -1  0       79.3 nm
 0  0 -1      177.6 nm
 0  0  1      177.6 nm
 0  1  0       79.3 nm
 1  0  0       87.4 nm

5
-1  0  0       87.8 nm
 0 -1  0       80.3 nm
 0  0 -1      174.1 nm
 0  0  1      174.1 nm
 0  1  0       80.3 nm
 1  0  0       87.8 nm

6
-1  0  0       85.8 nm
 0 -1  0       81.3 nm
 0  0 -1      170.0 nm
 0  0  1      170.0 nm
 0  1  0       81.3 nm
 1  0  0       85.8 nm

7
-1  0  0       82.4 nm
 0 -1  0       85.5 nm
 0  0 -1      165.2 nm
 0  0  1      165.2 nm
 0  1  0       85.5 nm
 1  0  0       82.4 nm

8
-1  0  0       78.0 nm
 0 -1  0       88.0 nm
 0  0 -1      161.8 nm
 0  0  1      161.8 nm
 0  1  0       88.0 nm
 1  0  0       78.0 nm

9
-1  0  0       70.9 nm
 0 -1  0       89.0 nm
 0  0 -1      159.5 nm
 0  0  1      159.5 nm
 0  1  0       89.0 nm
 1  0  0       70.9 nm

10
-1  0  0       63.5 nm
 0 -1  0       89.0 nm
 0  0 -1      156.9 nm
 0  0  1      156.9 nm
 0  1  0       89.0 nm
 1  0  0       63.5 nm

11
-1  0  0       58.0 nm
 0 -1  0       80.1 nm
 0  0 -1      162.4 nm
 0  0  1      162.4 nm
 0  1  0       80.1 nm
 1  0  0       58.0 nm

12
-1  0  0       53.9 nm
 0 -1  0       72.3 nm
 0  0 -1      173.9 nm
 0  0  1      173.9 nm
 0  1  0       72.3 nm
 1  0  0       53.9 nm

13
-1  0  0       52.7 nm
 0 -1  0       67.3 nm
 0  0 -1      186.8 nm
 0  0  1      186.8 nm
 0  1  0       67.3 nm
 1  0  0       52.7 nm

14
-1  0  0       51.1 nm
 0 -1  0       63.4 nm
 0  0 -1      196.2 nm
 0  0  1      196.2 nm
 0  1  0       63.4 nm
 1  0  0       51.1 nm

15
-1  0  0       49.9 nm
 0 -1  0       62.4 nm
 0  0 -1      202.3 nm
 0  0  1      202.3 nm
 0  1  0       62.4 nm
 1  0  0       49.9 nm

16
-1  0  0       49.9 nm
 0 -1  0       60.4 nm
 0  0 -1      204.1 nm
 0  0  1      204.1 nm
 0  1  0       60.4 nm
 1  0  0       49.9 nm

17
-1  0  0       50.9 nm
 0 -1  0       59.4 nm
 0  0 -1      202.8 nm
 0  0  1      202.8 nm
 0  1  0       59.4 nm
 1  0  0       50.9 nm

18
-1  0  0       51.9 nm
 0 -1  0       58.8 nm
 0  0 -1      201.4 nm
 0  0  1      201.4 nm
 0  1  0       58.8 nm
 1  0  0       51.9 nm

19
-1  0  0       51.9 nm
 0 -1  0       58.4 nm
 0  0 -1      199.9 nm
 0  0  1      199.9 nm
 0  1  0       58.4 nm
 1  0  0       51.9 nm

20
-1  0  0       53.7 nm
 0 -1  0       58.4 nm
 0  0 -1      198.9 nm
 0  0  1      198.9 nm
 0  1  0       58.4 nm
 1  0  0       53.7 nm

21
-1  0  0       53.1 nm
 0 -1  0       58.4 nm
 0  0 -1      197.6 nm
 0  0  1      197.6 nm
 0  1  0       58.4 nm
 1  0  0       53.1 nm

22
-1  0  0       53.9 nm
 0 -1  0       57.8 nm
 0  0 -1      196.3 nm
 0  0  1      196.3 nm
 0  1  0       57.8 nm
 1  0  0       53.9 nm

23
-1  0  0       52.9 nm
 0 -1  0       58.4 nm
 0  0 -1      194.8 nm
 0  0  1      194.8 nm
 0  1  0       58.4 nm
 1  0  0       52.9 nm

24
-1  0  0       54.0 nm
 0 -1  0       58.4 nm
 0  0 -1      196.2 nm
 0  0  1      196.2 nm
 0  1  0       58.4 nm
 1  0  0       54.0 nm

25
-1  0  0       53.9 nm
 0 -1  0       58.4 nm
 0  0 -1      193.1 nm
 0  0  1      193.1 nm
 0  1  0       58.4 nm
 1  0  0       53.9 nm

26
-1  0  0       54.9 nm
 0 -1  0       57.4 nm
 0  0 -1      193.5 nm
 0  0  1      193.5 nm
 0  1  0       57.4 nm
 1  0  0       54.9 nm

27
-1  0  0       54.7 nm
 0 -1  0       58.8 nm
 0  0 -1      189.8 nm
 0  0  1      189.8 nm
 0  1  0       58.8 nm
 1  0  0       54.7 nm

28
-1  0  0       54.8 nm
 0 -1  0       57.8 nm
 0  0 -1      191.4 nm
 0  0  1      191.4 nm
 0  1  0       57.8 nm
 1  0  0       54.8 nm

29
-1  0  0       54.9 nm
 0 -1  0       58.4 nm
 0  0 -1      191.1 nm
 0  0  1      191.1 nm
 0  1  0       58.4 nm
 1  0  0       54.9 nm

30
-1  0  0       55.7 nm
 0 -1  0       58.4 nm
 0  0 -1      190.8 nm
 0  0  1      190.8 nm
 0  1  0       58.4 nm
 1  0  0       55.7 nm

31
-1  0  0       54.9 nm
 0 -1  0       59.4 nm
 0  0 -1      190.6 nm
 0  0  1      190.6 nm
 0  1  0       59.4 nm
 1  0  0       54.9 nm

32
-1  0  0       55.7 nm
 0 -1  0       58.4 nm
 0  0 -1      190.4 nm
 0  0  1      190.4 nm
 0  1  0       58.4 nm
 1  0  0       55.7 nm

33
-1  0  0       55.7 nm
 0 -1  0       58.8 nm
 0  0 -1      188.9 nm
 0  0  1      188.9 nm
 0  1  0       58.8 nm
 1  0  0       55.7 nm

34
-1  0  0       55.0 nm
 0 -1  0       58.4 nm
 0  0 -1      191.7 nm
 0  0  1      191.7 nm
 0  1  0       58.4 nm
 1  0  0       55.0 nm

35
-1  0  0       55.7 nm
 0 -1  0       58.8 nm
 0  0 -1      190.4 nm
 0  0  1      190.4 nm
 0  1  0       58.8 nm
 1  0  0       55.7 nm

36
-1  0  0       56.0 nm
 0 -1  0       58.4 nm
 0  0 -1      190.4 nm
 0  0  1      190.4 nm
 0  1  0       58.4 nm
 1  0  0       56.0 nm

37
-1  0  0       56.0 nm
 0 -1  0       59.4 nm
 0  0 -1      190.4 nm
 0  0  1      190.4 nm
 0  1  0       59.4 nm
 1  0  0       56.0 nm

38
-1  0  0       56.7 nm
 0 -1  0       58.4 nm
 0  0 -1      191.5 nm
 0  0  1      191.5 nm
 0  1  0       58.4 nm
 1  0  0       56.7 nm

39
-1  0  0       54.8 nm
 0 -1  0       58.8 nm
 0  0 -1      191.7 nm
 0  0  1      191.7 nm
 0  1  0       58.8 nm
 1  0  0       54.8 nm

