0
-1  0  0       88.4 nm
 0 -1  0       79.0 nm
 0  0 -1      180.7 nm
 0  0  1      180.7 nm
 0  1  0       79.0 nm
 1  0  0       88.4 nm

1
-1  0  0       88.4 nm
 0 -1  0       78.0 nm
 0  0 -1      180.2 nm
 0  0  1      180.2 nm
 0  1  0       78.0 nm
 1  0  0       88.4 nm

2
-1  0  0       87.4 nm
 0 -1  0       79.0 nm
 0  0 -1      180.7 nm
 0  0  1      180.7 nm
 0  1  0       79.0 nm
 1  0  0       87.4 nm

3
-1  0  0       89.2 nm
 0 -1  0       79.0 nm
 0  0 -1      178.7 nm
 0  0  1      178.7 nm
 0  1  0       79.0 nm
 1  0  0       89.2 nm

4
-1  0  0       87.4 nm
 0 -1  0       79.9 nm
 0  0 -1      176.9 nm
 0  0  1      176.9 nm
 0  1  0       79.9 nm
 1  0  0       87.4 nm

5
-1  0  0       87.4 nm
 0 -1  0       80.9 nm
 0  0 -1      172.9 nm
 0  0  1      172.9 nm
 0  1  0       80.9 nm
 1  0  0       87.4 nm

6
-1  0  0       86.4 nm
 0 -1  0       82.9 nm
 0  0 -1      167.7 nm
 0  0  1      167.7 nm
 0  1  0       82.9 nm
 1  0  0       86.4 nm

7
-1  0  0       82.4 nm
 0 -1  0       85.5 nm
 0  0 -1      164.7 nm
 0  0  1      164.7 nm
 0  1  0       85.5 nm
 1  0  0       82.4 nm

8
-1  0  0       80.0 nm
 0 -1  0       88.0 nm
 0  0 -1      158.8 nm
 0  0  1      158.8 nm
 0  1  0       88.0 nm
 1  0  0       80.0 nm

9
-1  0  0       72.3 nm
 0 -1  0       90.0 nm
 0  0 -1      155.0 nm
 0  0  1      155.0 nm
 0  1  0       90.0 nm
 1  0  0       72.3 nm

10
-1  0  0       63.8 nm
 0 -1  0       90.0 nm
 0  0 -1      154.8 nm
 0  0  1      154.8 nm
 0  1  0       90.0 nm
 1  0  0       63.8 nm

11
-1  0  0       59.0 nm
 0 -1  0       82.1 nm
 0  0 -1      157.7 nm
 0  0  1      157.7 nm
 0  1  0       82.1 nm
 1  0  0       59.0 nm

12
-1  0  0       54.7 nm
 0 -1  0       76.2 nm
 0  0 -1      166.1 nm
 0  0  1      166.1 nm
 0  1  0       76.2 nm
 1  0  0       54.7 nm

13
-1  0  0       52.9 nm
 0 -1  0       69.3 nm
 0  0 -1      180.8 nm
 0  0  1      180.8 nm
 0  1  0       69.3 nm
 1  0  0       52.9 nm

14
-1  0  0       50.7 nm
 0 -1  0       67.3 nm
 0  0 -1      187.7 nm
 0  0  1      187.7 nm
 0  1  0       67.3 nm
 1  0  0       50.7 nm

15
-1  0  0       50.0 nm
 0 -1  0       65.3 nm
 0  0 -1      191.7 nm
 0  0  1      191.7 nm
 0  1  0       65.3 nm
 1  0  0       50.0 nm

16
-1  0  0       51.0 nm
 0 -1  0       62.4 nm
 0  0 -1      194.2 nm
 0  0  1      194.2 nm
 0  1  0       62.4 nm
 1  0  0       51.0 nm

17
-1  0  0       51.7 nm
 0 -1  0       61.8 nm
 0  0 -1      192.4 nm
 0  0  1      192.4 nm
 0  1  0       61.8 nm
 1  0  0       51.7 nm

18
-1  0  0       51.7 nm
 0 -1  0       61.8 nm
 0  0 -1      192.4 nm
 0  0  1      192.4 nm
 0  1  0       61.8 nm
 1  0  0       51.7 nm

19
-1  0  0       52.7 nm
 0 -1  0       59.8 nm
 0  0 -1      191.0 nm
 0  0  1      191.0 nm
 0  1  0       59.8 nm
 1  0  0       52.7 nm

20
-1  0  0       53.9 nm
 0 -1  0       59.4 nm
 0  0 -1      190.4 nm
 0  0  1      190.4 nm
 0  1  0       59.4 nm
 1  0  0       53.9 nm

21
-1  0  0       54.1 nm
 0 -1  0       60.4 nm
 0  0 -1      186.4 nm
 0  0  1      186.4 nm
 0  1  0       60.4 nm
 1  0  0       54.1 nm

22
-1  0  0       55.1 nm
 0 -1  0       59.4 nm
 0  0 -1      185.2 nm
 0  0  1      185.2 nm
 0  1  0       59.4 nm
 1  0  0       55.1 nm

23
-1  0  0       54.9 nm
 0 -1  0       59.8 nm
 0  0 -1      185.1 nm
 0  0  1      185.1 nm
 0  1  0       59.8 nm
 1  0  0       54.9 nm

24
-1  0  0       56.0 nm
 0 -1  0       59.8 nm
 0  0 -1      181.0 nm
 0  0  1      181.0 nm
 0  1  0       59.8 nm
 1  0  0       56.0 nm

25
-1  0  0       56.0 nm
 0 -1  0       59.4 nm
 0  0 -1      181.2 nm
 0  0  1      181.2 nm
 0  1  0       59.4 nm
 1  0  0       56.0 nm

26
-1  0  0       55.7 nm
 0 -1  0       59.8 nm
 0  0 -1      179.8 nm
 0  0  1      179.8 nm
 0  1  0       59.8 nm
 1  0  0       55.7 nm

27
-1  0  0       55.7 nm
 0 -1  0       61.4 nm
 0  0 -1      177.8 nm
 0  0  1      177.8 nm
 0  1  0       61.4 nm
 1  0  0       55.7 nm

28
-1  0  0       57.0 nm
 0 -1  0       59.8 nm
 0  0 -1      179.2 nm
 0  0  1      179.2 nm
 0  1  0       59.8 nm
 1  0  0       57.0 nm

29
-1  0  0       56.0 nm
 0 -1  0       61.4 nm
 0  0 -1      177.9 nm
 0  0  1      177.9 nm
 0  1  0       61.4 nm
 1  0  0       56.0 nm

30
-1  0  0       56.8 nm
 0 -1  0       60.8 nm
 0  0 -1      177.4 nm
 0  0  1      177.4 nm
 0  1  0       60.8 nm
 1  0  0       56.8 nm

31
-1  0  0       56.0 nm
 0 -1  0       61.4 nm
 0  0 -1      179.8 nm
 0  0  1      179.8 nm
 0  1  0       61.4 nm
 1  0  0       56.0 nm

32
-1  0  0       57.0 nm
 0 -1  0       60.4 nm
 0  0 -1      178.6 nm
 0  0  1      178.6 nm
 0  1  0       60.4 nm
 1  0  0       57.0 nm

33
-1  0  0       57.0 nm
 0 -1  0       60.4 nm
 0  0 -1      177.9 nm
 0  0  1      177.9 nm
 0  1  0       60.4 nm
 1  0  0       57.0 nm

34
-1  0  0       57.0 nm
 0 -1  0       61.2 nm
 0  0 -1      177.3 nm
 0  0  1      177.3 nm
 0  1  0       61.2 nm
 1  0  0       57.0 nm

35
-1  0  0       56.8 nm
 0 -1  0       60.4 nm
 0  0 -1      179.9 nm
 0  0  1      179.9 nm
 0  1  0       60.4 nm
 1  0  0       56.8 nm

36
-1  0  0       56.7 nm
 0 -1  0       61.4 nm
 0  0 -1      179.9 nm
 0  0  1      179.9 nm
 0  1  0       61.4 nm
 1  0  0       56.7 nm

37
-1  0  0       56.7 nm
 0 -1  0       60.8 nm
 0  0 -1      178.4 nm
 0  0  1      178.4 nm
 0  1  0       60.8 nm
 1  0  0       56.7 nm

38
-1  0  0       57.7 nm
 0 -1  0       60.4 nm
 0  0 -1      178.6 nm
 0  0  1      178.6 nm
 0  1  0       60.4 nm
 1  0  0       57.7 nm

39
-1  0  0       58.0 nm
 0 -1  0       60.4 nm
 0  0 -1      180.5 nm
 0  0  1      180.5 nm
 0  1  0       60.4 nm
 1  0  0       58.0 nm

