0
-1  0  0       89.8 nm
 0 -1  0       79.9 nm
 0  0 -1      177.5 nm
 0  0  1      177.5 nm
 0  1  0       79.9 nm
 1  0  0       89.8 nm

1
-1  0  0       89.4 nm
 0 -1  0       80.3 nm
 0  0 -1      177.7 nm
 0  0  1      177.7 nm
 0  1  0       80.3 nm
 1  0  0       89.4 nm

2
-1  0  0       88.8 nm
 0 -1  0       79.0 nm
 0  0 -1      176.8 nm
 0  0  1      176.8 nm
 0  1  0       79.0 nm
 1  0  0       88.8 nm

3
-1  0  0       89.8 nm
 0 -1  0       79.0 nm
 0  0 -1      177.7 nm
 0  0  1      177.7 nm
 0  1  0       79.0 nm
 1  0  0       89.8 nm

4
-1  0  0       88.4 nm
 0 -1  0       79.9 nm
 0  0 -1      175.6 nm
 0  0  1      175.6 nm
 0  1  0       79.9 nm
 1  0  0       88.4 nm

5
-1  0  0       88.4 nm
 0 -1  0       81.5 nm
 0  0 -1      171.3 nm
 0  0  1      171.3 nm
 0  1  0       81.5 nm
 1  0  0       88.4 nm

6
-1  0  0       87.4 nm
 0 -1  0       83.9 nm
 0  0 -1      166.9 nm
 0  0  1      166.9 nm
 0  1  0       83.9 nm
 1  0  0       87.4 nm

7
-1  0  0       84.3 nm
 0 -1  0       86.1 nm
 0  0 -1      162.4 nm
 0  0  1      162.4 nm
 0  1  0       86.1 nm
 1  0  0       84.3 nm

8
-1  0  0       79.0 nm
 0 -1  0       89.0 nm
 0  0 -1      157.4 nm
 0  0  1      157.4 nm
 0  1  0       89.0 nm
 1  0  0       79.0 nm

9
-1  0  0       73.2 nm
 0 -1  0       92.0 nm
 0  0 -1      152.6 nm
 0  0  1      152.6 nm
 0  1  0       92.0 nm
 1  0  0       73.2 nm

10
-1  0  0       64.9 nm
 0 -1  0       93.0 nm
 0  0 -1      149.6 nm
 0  0  1      149.6 nm
 0  1  0       93.0 nm
 1  0  0       64.9 nm

11
-1  0  0       60.5 nm
 0 -1  0       83.5 nm
 0  0 -1      152.3 nm
 0  0  1      152.3 nm
 0  1  0       83.5 nm
 1  0  0       60.5 nm

12
-1  0  0       54.9 nm
 0 -1  0       76.6 nm
 0  0 -1      161.5 nm
 0  0  1      161.5 nm
 0  1  0       76.6 nm
 1  0  0       54.9 nm

13
-1  0  0       53.9 nm
 0 -1  0       70.7 nm
 0  0 -1      170.7 nm
 0  0  1      170.7 nm
 0  1  0       70.7 nm
 1  0  0       53.9 nm

14
-1  0  0       51.7 nm
 0 -1  0       69.3 nm
 0  0 -1      179.9 nm
 0  0  1      179.9 nm
 0  1  0       69.3 nm
 1  0  0       51.7 nm

15
-1  0  0       51.0 nm
 0 -1  0       66.7 nm
 0  0 -1      184.4 nm
 0  0  1      184.4 nm
 0  1  0       66.7 nm
 1  0  0       51.0 nm

16
-1  0  0       50.9 nm
 0 -1  0       64.4 nm
 0  0 -1      184.5 nm
 0  0  1      184.5 nm
 0  1  0       64.4 nm
 1  0  0       50.9 nm

17
-1  0  0       52.2 nm
 0 -1  0       63.4 nm
 0  0 -1      185.1 nm
 0  0  1      185.1 nm
 0  1  0       63.4 nm
 1  0  0       52.2 nm

18
-1  0  0       53.7 nm
 0 -1  0       62.4 nm
 0  0 -1      183.8 nm
 0  0  1      183.8 nm
 0  1  0       62.4 nm
 1  0  0       53.7 nm

19
-1  0  0       52.9 nm
 0 -1  0       62.4 nm
 0  0 -1      183.0 nm
 0  0  1      183.0 nm
 0  1  0       62.4 nm
 1  0  0       52.9 nm

20
-1  0  0       54.9 nm
 0 -1  0       62.4 nm
 0  0 -1      177.2 nm
 0  0  1      177.2 nm
 0  1  0       62.4 nm
 1  0  0       54.9 nm

21
-1  0  0       55.7 nm
 0 -1  0       60.8 nm
 0  0 -1      177.3 nm
 0  0  1      177.3 nm
 0  1  0       60.8 nm
 1  0  0       55.7 nm

22
-1  0  0       56.0 nm
 0 -1  0       62.4 nm
 0  0 -1      173.3 nm
 0  0  1      173.3 nm
 0  1  0       62.4 nm
 1  0  0       56.0 nm

23
-1  0  0       56.8 nm
 0 -1  0       61.4 nm
 0  0 -1      172.0 nm
 0  0  1      172.0 nm
 0  1  0       61.4 nm
 1  0  0       56.8 nm

24
-1  0  0       56.0 nm
 0 -1  0       61.8 nm
 0  0 -1      172.0 nm
 0  0  1      172.0 nm
 0  1  0       61.8 nm
 1  0  0       56.0 nm

25
-1  0  0       57.0 nm
 0 -1  0       61.8 nm
 0  0 -1      170.7 nm
 0  0  1      170.7 nm
 0  1  0       61.8 nm
 1  0  0       57.0 nm

26
-1  0  0       57.0 nm
 0 -1  0       62.4 nm
 0  0 -1      168.7 nm
 0  0  1      168.7 nm
 0  1  0       62.4 nm
 1  0  0       57.0 nm

27
-1  0  0       57.0 nm
 0 -1  0       63.4 nm
 0  0 -1      166.7 nm
 0  0  1      166.7 nm
 0  1  0       63.4 nm
 1  0  0       57.0 nm

28
-1  0  0       58.0 nm
 0 -1  0       62.4 nm
 0  0 -1      167.1 nm
 0  0  1      167.1 nm
 0  1  0       62.4 nm
 1  0  0       58.0 nm

29
-1  0  0       58.0 nm
 0 -1  0       63.4 nm
 0  0 -1      167.4 nm
 0  0  1      167.4 nm
 0  1  0       63.4 nm
 1  0  0       58.0 nm

30
-1  0  0       57.0 nm
 0 -1  0       63.4 nm
 0  0 -1      167.4 nm
 0  0  1      167.4 nm
 0  1  0       63.4 nm
 1  0  0       57.0 nm

31
-1  0  0       57.0 nm
 0 -1  0       63.4 nm
 0  0 -1      166.7 nm
 0  0  1      166.7 nm
 0  1  0       63.4 nm
 1  0  0       57.0 nm

32
-1  0  0       57.8 nm
 0 -1  0       64.5 nm
 0  0 -1      164.8 nm
 0  0  1      164.8 nm
 0  1  0       64.5 nm
 1  0  0       57.8 nm

33
-1  0  0       58.7 nm
 0 -1  0       62.4 nm
 0  0 -1      165.5 nm
 0  0  1      165.5 nm
 0  1  0       62.4 nm
 1  0  0       58.7 nm

34
-1  0  0       57.7 nm
 0 -1  0       63.8 nm
 0  0 -1      167.4 nm
 0  0  1      167.4 nm
 0  1  0       63.8 nm
 1  0  0       57.7 nm

35
-1  0  0       59.0 nm
 0 -1  0       63.4 nm
 0  0 -1      165.4 nm
 0  0  1      165.4 nm
 0  1  0       63.4 nm
 1  0  0       59.0 nm

36
-1  0  0       59.0 nm
 0 -1  0       63.4 nm
 0  0 -1      167.7 nm
 0  0  1      167.7 nm
 0  1  0       63.4 nm
 1  0  0       59.0 nm

37
-1  0  0       57.0 nm
 0 -1  0       63.8 nm
 0  0 -1      165.7 nm
 0  0  1      165.7 nm
 0  1  0       63.8 nm
 1  0  0       57.0 nm

38
-1  0  0       58.0 nm
 0 -1  0       63.4 nm
 0  0 -1      167.9 nm
 0  0  1      167.9 nm
 0  1  0       63.4 nm
 1  0  0       58.0 nm

39
-1  0  0       58.5 nm
 0 -1  0       63.4 nm
 0  0 -1      167.4 nm
 0  0  1      167.4 nm
 0  1  0       63.4 nm
 1  0  0       58.5 nm

