0
-1  0  0       90.6 nm
 0 -1  0       79.0 nm
 0  0 -1      177.5 nm
 0  0  1      177.5 nm
 0  1  0       79.0 nm
 1  0  0       90.6 nm

1
-1  0  0       89.6 nm
 0 -1  0       79.9 nm
 0  0 -1      176.7 nm
 0  0  1      176.7 nm
 0  1  0       79.9 nm
 1  0  0       89.6 nm

2
-1  0  0       89.4 nm
 0 -1  0       79.9 nm
 0  0 -1      176.7 nm
 0  0  1      176.7 nm
 0  1  0       79.9 nm
 1  0  0       89.4 nm

3
-1  0  0       90.5 nm
 0 -1  0       79.9 nm
 0  0 -1      174.8 nm
 0  0  1      174.8 nm
 0  1  0       79.9 nm
 1  0  0       90.5 nm

4
-1  0  0       89.4 nm
 0 -1  0       80.9 nm
 0  0 -1      174.1 nm
 0  0  1      174.1 nm
 0  1  0       80.9 nm
 1  0  0       89.4 nm

5
-1  0  0       89.4 nm
 0 -1  0       81.9 nm
 0  0 -1      168.9 nm
 0  0  1      168.9 nm
 0  1  0       81.9 nm
 1  0  0       89.4 nm

6
-1  0  0       87.4 nm
 0 -1  0       83.5 nm
 0  0 -1      165.1 nm
 0  0  1      165.1 nm
 0  1  0       83.5 nm
 1  0  0       87.4 nm

7
-1  0  0       85.4 nm
 0 -1  0       86.3 nm
 0  0 -1      160.0 nm
 0  0  1      160.0 nm
 0  1  0       86.3 nm
 1  0  0       85.4 nm

8
-1  0  0       82.0 nm
 0 -1  0       90.0 nm
 0  0 -1      153.1 nm
 0  0  1      153.1 nm
 0  1  0       90.0 nm
 1  0  0       82.0 nm

9
-1  0  0       74.9 nm
 0 -1  0       93.4 nm
 0  0 -1      149.1 nm
 0  0  1      149.1 nm
 0  1  0       93.4 nm
 1  0  0       74.9 nm

10
-1  0  0       66.5 nm
 0 -1  0       94.0 nm
 0  0 -1      145.7 nm
 0  0  1      145.7 nm
 0  1  0       94.0 nm
 1  0  0       66.5 nm

11
-1  0  0       59.1 nm
 0 -1  0       87.1 nm
 0  0 -1      147.0 nm
 0  0  1      147.0 nm
 0  1  0       87.1 nm
 1  0  0       59.1 nm

12
-1  0  0       56.7 nm
 0 -1  0       79.2 nm
 0  0 -1      155.5 nm
 0  0  1      155.5 nm
 0  1  0       79.2 nm
 1  0  0       56.7 nm

13
-1  0  0       54.0 nm
 0 -1  0       75.2 nm
 0  0 -1      164.7 nm
 0  0  1      164.7 nm
 0  1  0       75.2 nm
 1  0  0       54.0 nm

14
-1  0  0       52.7 nm
 0 -1  0       71.3 nm
 0  0 -1      172.6 nm
 0  0  1      172.6 nm
 0  1  0       71.3 nm
 1  0  0       52.7 nm

15
-1  0  0       51.9 nm
 0 -1  0       68.3 nm
 0  0 -1      177.9 nm
 0  0  1      177.9 nm
 0  1  0       68.3 nm
 1  0  0       51.9 nm

16
-1  0  0       52.0 nm
 0 -1  0       67.3 nm
 0  0 -1      176.4 nm
 0  0  1      176.4 nm
 0  1  0       67.3 nm
 1  0  0       52.0 nm

17
-1  0  0       53.7 nm
 0 -1  0       65.3 nm
 0  0 -1      175.3 nm
 0  0  1      175.3 nm
 0  1  0       65.3 nm
 1  0  0       53.7 nm

18
-1  0  0       54.0 nm
 0 -1  0       65.3 nm
 0  0 -1      173.9 nm
 0  0  1      173.9 nm
 0  1  0       65.3 nm
 1  0  0       54.0 nm

19
-1  0  0       54.8 nm
 0 -1  0       65.3 nm
 0  0 -1      172.6 nm
 0  0  1      172.6 nm
 0  1  0       65.3 nm
 1  0  0       54.8 nm

20
-1  0  0       56.0 nm
 0 -1  0       64.4 nm
 0  0 -1      169.3 nm
 0  0  1      169.3 nm
 0  1  0       64.4 nm
 1  0  0       56.0 nm

21
-1  0  0       56.0 nm
 0 -1  0       64.4 nm
 0  0 -1      167.4 nm
 0  0  1      167.4 nm
 0  1  0       64.4 nm
 1  0  0       56.0 nm

22
-1  0  0       57.0 nm
 0 -1  0       63.4 nm
 0  0 -1      165.4 nm
 0  0  1      165.4 nm
 0  1  0       63.4 nm
 1  0  0       57.0 nm

23
-1  0  0       58.0 nm
 0 -1  0       63.4 nm
 0  0 -1      162.8 nm
 0  0  1      162.8 nm
 0  1  0       63.4 nm
 1  0  0       58.0 nm

24
-1  0  0       58.0 nm
 0 -1  0       63.4 nm
 0  0 -1      160.9 nm
 0  0  1      160.9 nm
 0  1  0       63.4 nm
 1  0  0       58.0 nm

25
-1  0  0       58.0 nm
 0 -1  0       64.4 nm
 0  0 -1      158.9 nm
 0  0  1      158.9 nm
 0  1  0       64.4 nm
 1  0  0       58.0 nm

26
-1  0  0       58.7 nm
 0 -1  0       65.3 nm
 0  0 -1      158.2 nm
 0  0  1      158.2 nm
 0  1  0       65.3 nm
 1  0  0       58.7 nm

27
-1  0  0       59.0 nm
 0 -1  0       65.7 nm
 0  0 -1      157.5 nm
 0  0  1      157.5 nm
 0  1  0       65.7 nm
 1  0  0       59.0 nm

28
-1  0  0       58.8 nm
 0 -1  0       63.8 nm
 0  0 -1      156.8 nm
 0  0  1      156.8 nm
 0  1  0       63.8 nm
 1  0  0       58.8 nm

29
-1  0  0       59.7 nm
 0 -1  0       64.4 nm
 0  0 -1      155.6 nm
 0  0  1      155.6 nm
 0  1  0       64.4 nm
 1  0  0       59.7 nm

30
-1  0  0       59.7 nm
 0 -1  0       65.3 nm
 0  0 -1      154.4 nm
 0  0  1      154.4 nm
 0  1  0       65.3 nm
 1  0  0       59.7 nm

31
-1  0  0       59.0 nm
 0 -1  0       66.3 nm
 0  0 -1      154.9 nm
 0  0  1      154.9 nm
 0  1  0       66.3 nm
 1  0  0       59.0 nm

32
-1  0  0       60.0 nm
 0 -1  0       65.3 nm
 0  0 -1      155.6 nm
 0  0  1      155.6 nm
 0  1  0       65.3 nm
 1  0  0       60.0 nm

33
-1  0  0       60.0 nm
 0 -1  0       66.3 nm
 0  0 -1      154.1 nm
 0  0  1      154.1 nm
 0  1  0       66.3 nm
 1  0  0       60.0 nm

34
-1  0  0       60.0 nm
 0 -1  0       65.3 nm
 0  0 -1      155.5 nm
 0  0  1      155.5 nm
 0  1  0       65.3 nm
 1  0  0       60.0 nm

35
-1  0  0       60.0 nm
 0 -1  0       66.3 nm
 0  0 -1      154.2 nm
 0  0  1      154.2 nm
 0  1  0       66.3 nm
 1  0  0       60.0 nm

36
-1  0  0       62.0 nm
 0 -1  0       65.3 nm
 0  0 -1      155.5 nm
 0  0  1      155.5 nm
 0  1  0       65.3 nm
 1  0  0       62.0 nm

37
-1  0  0       61.0 nm
 0 -1  0       65.7 nm
 0  0 -1      154.2 nm
 0  0  1      154.2 nm
 0  1  0       65.7 nm
 1  0  0       61.0 nm

38
-1  0  0       62.0 nm
 0 -1  0       64.7 nm
 0  0 -1      154.9 nm
 0  0  1      154.9 nm
 0  1  0       64.7 nm
 1  0  0       62.0 nm

39
-1  0  0       60.0 nm
 0 -1  0       65.3 nm
 0  0 -1      157.5 nm
 0  0  1      157.5 nm
 0  1  0       65.3 nm
 1  0  0       60.0 nm

