0
-1  0  0       90.6 nm
 0 -1  0       79.0 nm
 0  0 -1      174.9 nm
 0  0  1      174.9 nm
 0  1  0       79.0 nm
 1  0  0       90.6 nm

1
-1  0  0       91.4 nm
 0 -1  0       79.9 nm
 0  0 -1      174.2 nm
 0  0  1      174.2 nm
 0  1  0       79.9 nm
 1  0  0       91.4 nm

2
-1  0  0       91.6 nm
 0 -1  0       80.3 nm
 0  0 -1      174.5 nm
 0  0  1      174.5 nm
 0  1  0       80.3 nm
 1  0  0       91.6 nm

3
-1  0  0       90.9 nm
 0 -1  0       80.9 nm
 0  0 -1      173.5 nm
 0  0  1      173.5 nm
 0  1  0       80.9 nm
 1  0  0       90.9 nm

4
-1  0  0       90.8 nm
 0 -1  0       80.9 nm
 0  0 -1      172.5 nm
 0  0  1      172.5 nm
 0  1  0       80.9 nm
 1  0  0       90.8 nm

5
-1  0  0       90.4 nm
 0 -1  0       82.5 nm
 0  0 -1      167.4 nm
 0  0  1      167.4 nm
 0  1  0       82.5 nm
 1  0  0       90.4 nm

6
-1  0  0       88.4 nm
 0 -1  0       83.9 nm
 0  0 -1      162.0 nm
 0  0  1      162.0 nm
 0  1  0       83.9 nm
 1  0  0       88.4 nm

7
-1  0  0       85.4 nm
 0 -1  0       87.2 nm
 0  0 -1      157.7 nm
 0  0  1      157.7 nm
 0  1  0       87.2 nm
 1  0  0       85.4 nm

8
-1  0  0       82.0 nm
 0 -1  0       90.0 nm
 0  0 -1      152.8 nm
 0  0  1      152.8 nm
 0  1  0       90.0 nm
 1  0  0       82.0 nm

9
-1  0  0       74.3 nm
 0 -1  0       94.4 nm
 0  0 -1      145.7 nm
 0  0  1      145.7 nm
 0  1  0       94.4 nm
 1  0  0       74.3 nm

10
-1  0  0       67.1 nm
 0 -1  0       95.9 nm
 0  0 -1      142.5 nm
 0  0  1      142.5 nm
 0  1  0       95.9 nm
 1  0  0       67.1 nm

11
-1  0  0       61.0 nm
 0 -1  0       88.0 nm
 0  0 -1      142.9 nm
 0  0  1      142.9 nm
 0  1  0       88.0 nm
 1  0  0       61.0 nm

12
-1  0  0       57.0 nm
 0 -1  0       82.1 nm
 0  0 -1      148.8 nm
 0  0  1      148.8 nm
 0  1  0       82.1 nm
 1  0  0       57.0 nm

13
-1  0  0       56.0 nm
 0 -1  0       75.2 nm
 0  0 -1      157.4 nm
 0  0  1      157.4 nm
 0  1  0       75.2 nm
 1  0  0       56.0 nm

14
-1  0  0       53.9 nm
 0 -1  0       72.6 nm
 0  0 -1      164.0 nm
 0  0  1      164.0 nm
 0  1  0       72.6 nm
 1  0  0       53.9 nm

15
-1  0  0       52.7 nm
 0 -1  0       71.3 nm
 0  0 -1      168.7 nm
 0  0  1      168.7 nm
 0  1  0       71.3 nm
 1  0  0       52.7 nm

16
-1  0  0       52.9 nm
 0 -1  0       69.3 nm
 0  0 -1      169.9 nm
 0  0  1      169.9 nm
 0  1  0       69.3 nm
 1  0  0       52.9 nm

17
-1  0  0       54.9 nm
 0 -1  0       67.3 nm
 0  0 -1      169.8 nm
 0  0  1      169.8 nm
 0  1  0       67.3 nm
 1  0  0       54.9 nm

18
-1  0  0       54.9 nm
 0 -1  0       67.3 nm
 0  0 -1      165.4 nm
 0  0  1      165.4 nm
 0  1  0       67.3 nm
 1  0  0       54.9 nm

19
-1  0  0       55.7 nm
 0 -1  0       66.7 nm
 0  0 -1      163.4 nm
 0  0  1      163.4 nm
 0  1  0       66.7 nm
 1  0  0       55.7 nm

20
-1  0  0       57.0 nm
 0 -1  0       66.7 nm
 0  0 -1      160.9 nm
 0  0  1      160.9 nm
 0  1  0       66.7 nm
 1  0  0       57.0 nm

21
-1  0  0       58.0 nm
 0 -1  0       66.3 nm
 0  0 -1      157.7 nm
 0  0  1      157.7 nm
 0  1  0       66.3 nm
 1  0  0       58.0 nm

22
-1  0  0       59.0 nm
 0 -1  0       67.3 nm
 0  0 -1      154.9 nm
 0  0  1      154.9 nm
 0  1  0       67.3 nm
 1  0  0       59.0 nm

23
-1  0  0       59.0 nm
 0 -1  0       67.3 nm
 0  0 -1      152.9 nm
 0  0  1      152.9 nm
 0  1  0       67.3 nm
 1  0  0       59.0 nm

24
-1  0  0       59.0 nm
 0 -1  0       67.3 nm
 0  0 -1      151.6 nm
 0  0  1      151.6 nm
 0  1  0       67.3 nm
 1  0  0       59.0 nm

25
-1  0  0       59.9 nm
 0 -1  0       66.3 nm
 0  0 -1      149.5 nm
 0  0  1      149.5 nm
 0  1  0       66.3 nm
 1  0  0       59.9 nm

26
-1  0  0       59.7 nm
 0 -1  0       67.3 nm
 0  0 -1      147.7 nm
 0  0  1      147.7 nm
 0  1  0       67.3 nm
 1  0  0       59.7 nm

27
-1  0  0       60.0 nm
 0 -1  0       67.7 nm
 0  0 -1      148.3 nm
 0  0  1      148.3 nm
 0  1  0       67.7 nm
 1  0  0       60.0 nm

28
-1  0  0       61.0 nm
 0 -1  0       68.3 nm
 0  0 -1      145.1 nm
 0  0  1      145.1 nm
 0  1  0       68.3 nm
 1  0  0       61.0 nm

29
-1  0  0       61.0 nm
 0 -1  0       67.7 nm
 0  0 -1      144.4 nm
 0  0  1      144.4 nm
 0  1  0       67.7 nm
 1  0  0       61.0 nm

30
-1  0  0       61.0 nm
 0 -1  0       66.3 nm
 0  0 -1      147.0 nm
 0  0  1      147.0 nm
 0  1  0       66.3 nm
 1  0  0       61.0 nm

31
-1  0  0       61.0 nm
 0 -1  0       68.3 nm
 0  0 -1      145.0 nm
 0  0  1      145.0 nm
 0  1  0       68.3 nm
 1  0  0       61.0 nm

32
-1  0  0       62.0 nm
 0 -1  0       68.3 nm
 0  0 -1      145.2 nm
 0  0  1      145.2 nm
 0  1  0       68.3 nm
 1  0  0       62.0 nm

33
-1  0  0       62.0 nm
 0 -1  0       68.3 nm
 0  0 -1      144.9 nm
 0  0  1      144.9 nm
 0  1  0       68.3 nm
 1  0  0       62.0 nm

34
-1  0  0       61.1 nm
 0 -1  0       67.3 nm
 0  0 -1      147.0 nm
 0  0  1      147.0 nm
 0  1  0       67.3 nm
 1  0  0       61.1 nm

35
-1  0  0       62.5 nm
 0 -1  0       69.3 nm
 0  0 -1      143.8 nm
 0  0  1      143.8 nm
 0  1  0       69.3 nm
 1  0  0       62.5 nm

36
-1  0  0       62.8 nm
 0 -1  0       68.7 nm
 0  0 -1      145.1 nm
 0  0  1      145.1 nm
 0  1  0       68.7 nm
 1  0  0       62.8 nm

37
-1  0  0       62.8 nm
 0 -1  0       69.3 nm
 0  0 -1      144.4 nm
 0  0  1      144.4 nm
 0  1  0       69.3 nm
 1  0  0       62.8 nm

38
-1  0  0       62.0 nm
 0 -1  0       68.3 nm
 0  0 -1      145.4 nm
 0  0  1      145.4 nm
 0  1  0       68.3 nm
 1  0  0       62.0 nm

39
-1  0  0       63.5 nm
 0 -1  0       68.3 nm
 0  0 -1      146.4 nm
 0  0  1      146.4 nm
 0  1  0       68.3 nm
 1  0  0       63.5 nm

