0
-1  0  0       91.5 nm
 0 -1  0       80.9 nm
 0  0 -1      173.6 nm
 0  0  1      173.6 nm
 0  1  0       80.9 nm
 1  0  0       91.5 nm

1
-1  0  0       92.5 nm
 0 -1  0       81.3 nm
 0  0 -1      172.3 nm
 0  0  1      172.3 nm
 0  1  0       81.3 nm
 1  0  0       92.5 nm

2
-1  0  0       92.2 nm
 0 -1  0       79.9 nm
 0  0 -1      172.9 nm
 0  0  1      172.9 nm
 0  1  0       79.9 nm
 1  0  0       92.2 nm

3
-1  0  0       91.4 nm
 0 -1  0       80.9 nm
 0  0 -1      173.5 nm
 0  0  1      173.5 nm
 0  1  0       80.9 nm
 1  0  0       91.4 nm

4
-1  0  0       91.4 nm
 0 -1  0       81.9 nm
 0  0 -1      172.1 nm
 0  0  1      172.1 nm
 0  1  0       81.9 nm
 1  0  0       91.4 nm

5
-1  0  0       90.5 nm
 0 -1  0       82.9 nm
 0  0 -1      167.0 nm
 0  0  1      167.0 nm
 0  1  0       82.9 nm
 1  0  0       90.5 nm

6
-1  0  0       89.4 nm
 0 -1  0       85.9 nm
 0  0 -1      160.2 nm
 0  0  1      160.2 nm
 0  1  0       85.9 nm
 1  0  0       89.4 nm

7
-1  0  0       85.4 nm
 0 -1  0       87.1 nm
 0  0 -1      157.0 nm
 0  0  1      157.0 nm
 0  1  0       87.1 nm
 1  0  0       85.4 nm

8
-1  0  0       83.0 nm
 0 -1  0       91.0 nm
 0  0 -1      149.7 nm
 0  0  1      149.7 nm
 0  1  0       91.0 nm
 1  0  0       83.0 nm

9
-1  0  0       75.9 nm
 0 -1  0       95.9 nm
 0  0 -1      143.6 nm
 0  0  1      143.6 nm
 0  1  0       95.9 nm
 1  0  0       75.9 nm

10
-1  0  0       68.5 nm
 0 -1  0       97.9 nm
 0  0 -1      137.8 nm
 0  0  1      137.8 nm
 0  1  0       97.9 nm
 1  0  0       68.5 nm

11
-1  0  0       62.5 nm
 0 -1  0       91.0 nm
 0  0 -1      136.5 nm
 0  0  1      136.5 nm
 0  1  0       91.0 nm
 1  0  0       62.5 nm

12
-1  0  0       59.0 nm
 0 -1  0       84.1 nm
 0  0 -1      143.7 nm
 0  0  1      143.7 nm
 0  1  0       84.1 nm
 1  0  0       59.0 nm

13
-1  0  0       55.7 nm
 0 -1  0       79.2 nm
 0  0 -1      153.1 nm
 0  0  1      153.1 nm
 0  1  0       79.2 nm
 1  0  0       55.7 nm

14
-1  0  0       54.7 nm
 0 -1  0       76.2 nm
 0  0 -1      156.9 nm
 0  0  1      156.9 nm
 0  1  0       76.2 nm
 1  0  0       54.7 nm

15
-1  0  0       52.9 nm
 0 -1  0       72.3 nm
 0  0 -1      162.8 nm
 0  0  1      162.8 nm
 0  1  0       72.3 nm
 1  0  0       52.9 nm

16
-1  0  0       53.9 nm
 0 -1  0       70.3 nm
 0  0 -1      162.1 nm
 0  0  1      162.1 nm
 0  1  0       70.3 nm
 1  0  0       53.9 nm

17
-1  0  0       54.9 nm
 0 -1  0       69.3 nm
 0  0 -1      161.5 nm
 0  0  1      161.5 nm
 0  1  0       69.3 nm
 1  0  0       54.9 nm

18
-1  0  0       57.0 nm
 0 -1  0       69.3 nm
 0  0 -1      159.0 nm
 0  0  1      159.0 nm
 0  1  0       69.3 nm
 1  0  0       57.0 nm

19
-1  0  0       57.8 nm
 0 -1  0       68.3 nm
 0  0 -1      156.2 nm
 0  0  1      156.2 nm
 0  1  0       68.3 nm
 1  0  0       57.8 nm

20
-1  0  0       59.0 nm
 0 -1  0       67.3 nm
 0  0 -1      152.9 nm
 0  0  1      152.9 nm
 0  1  0       67.3 nm
 1  0  0       59.0 nm

21
-1  0  0       60.0 nm
 0 -1  0       67.7 nm
 0  0 -1      149.7 nm
 0  0  1      149.7 nm
 0  1  0       67.7 nm
 1  0  0       60.0 nm

22
-1  0  0       60.0 nm
 0 -1  0       69.3 nm
 0  0 -1      147.2 nm
 0  0  1      147.2 nm
 0  1  0       69.3 nm
 1  0  0       60.0 nm

23
-1  0  0       61.7 nm
 0 -1  0       68.3 nm
 0  0 -1      144.9 nm
 0  0  1      144.9 nm
 0  1  0       68.3 nm
 1  0  0       61.7 nm

24
-1  0  0       61.7 nm
 0 -1  0       69.7 nm
 0  0 -1      142.4 nm
 0  0  1      142.4 nm
 0  1  0       69.7 nm
 1  0  0       61.7 nm

25
-1  0  0       62.0 nm
 0 -1  0       70.3 nm
 0  0 -1      139.8 nm
 0  0  1      139.8 nm
 0  1  0       70.3 nm
 1  0  0       62.0 nm

26
-1  0  0       61.0 nm
 0 -1  0       69.7 nm
 0  0 -1      140.2 nm
 0  0  1      140.2 nm
 0  1  0       69.7 nm
 1  0  0       61.0 nm

27
-1  0  0       63.0 nm
 0 -1  0       70.3 nm
 0  0 -1      137.8 nm
 0  0  1      137.8 nm
 0  1  0       70.3 nm
 1  0  0       63.0 nm

28
-1  0  0       63.8 nm
 0 -1  0       70.3 nm
 0  0 -1      137.2 nm
 0  0  1      137.2 nm
 0  1  0       70.3 nm
 1  0  0       63.8 nm

29
-1  0  0       64.1 nm
 0 -1  0       69.3 nm
 0  0 -1      135.2 nm
 0  0  1      135.2 nm
 0  1  0       69.3 nm
 1  0  0       64.1 nm

30
-1  0  0       63.8 nm
 0 -1  0       69.3 nm
 0  0 -1      137.2 nm
 0  0  1      137.2 nm
 0  1  0       69.3 nm
 1  0  0       63.8 nm

31
-1  0  0       64.1 nm
 0 -1  0       70.7 nm
 0  0 -1      135.2 nm
 0  0  1      135.2 nm
 0  1  0       70.7 nm
 1  0  0       64.1 nm

32
-1  0  0       64.0 nm
 0 -1  0       71.3 nm
 0  0 -1      135.8 nm
 0  0  1      135.8 nm
 0  1  0       71.3 nm
 1  0  0       64.0 nm

33
-1  0  0       64.0 nm
 0 -1  0       71.3 nm
 0  0 -1      135.6 nm
 0  0  1      135.6 nm
 0  1  0       71.3 nm
 1  0  0       64.0 nm

34
-1  0  0       64.0 nm
 0 -1  0       71.7 nm
 0  0 -1      135.2 nm
 0  0  1      135.2 nm
 0  1  0       71.7 nm
 1  0  0       64.0 nm

35
-1  0  0       63.8 nm
 0 -1  0       72.3 nm
 0  0 -1      135.2 nm
 0  0  1      135.2 nm
 0  1  0       72.3 nm
 1  0  0       63.8 nm

36
-1  0  0       65.0 nm
 0 -1  0       71.3 nm
 0  0 -1      137.2 nm
 0  0  1      137.2 nm
 0  1  0       71.3 nm
 1  0  0       65.0 nm

37
-1  0  0       64.0 nm
 0 -1  0       69.7 nm
 0  0 -1      137.8 nm
 0  0  1      137.8 nm
 0  1  0       69.7 nm
 1  0  0       64.0 nm

38
-1  0  0       65.0 nm
 0 -1  0       71.3 nm
 0  0 -1      137.8 nm
 0  0  1      137.8 nm
 0  1  0       71.3 nm
 1  0  0       65.0 nm

39
-1  0  0       64.8 nm
 0 -1  0       71.3 nm
 0  0 -1      136.6 nm
 0  0  1      136.6 nm
 0  1  0       71.3 nm
 1  0  0       64.8 nm

