0
-1  0  0       92.6 nm
 0 -1  0       81.9 nm
 0  0 -1      171.6 nm
 0  0  1      171.6 nm
 0  1  0       81.9 nm
 1  0  0       92.6 nm

1
-1  0  0       92.8 nm
 0 -1  0       80.9 nm
 0  0 -1      172.2 nm
 0  0  1      172.2 nm
 0  1  0       80.9 nm
 1  0  0       92.8 nm

2
-1  0  0       93.5 nm
 0 -1  0       82.3 nm
 0  0 -1      171.0 nm
 0  0  1      171.0 nm
 0  1  0       82.3 nm
 1  0  0       93.5 nm

3
-1  0  0       93.2 nm
 0 -1  0       81.9 nm
 0  0 -1      169.7 nm
 0  0  1      169.7 nm
 0  1  0       81.9 nm
 1  0  0       93.2 nm

4
-1  0  0       92.8 nm
 0 -1  0       81.9 nm
 0  0 -1      168.8 nm
 0  0  1      168.8 nm
 0  1  0       81.9 nm
 1  0  0       92.8 nm

5
-1  0  0       91.8 nm
 0 -1  0       83.3 nm
 0  0 -1      164.2 nm
 0  0  1      164.2 nm
 0  1  0       83.3 nm
 1  0  0       91.8 nm

6
-1  0  0       90.4 nm
 0 -1  0       85.5 nm
 0  0 -1      160.1 nm
 0  0  1      160.1 nm
 0  1  0       85.5 nm
 1  0  0       90.4 nm

7
-1  0  0       86.0 nm
 0 -1  0       87.4 nm
 0  0 -1      155.3 nm
 0  0  1      155.3 nm
 0  1  0       87.4 nm
 1  0  0       86.0 nm

8
-1  0  0       83.3 nm
 0 -1  0       92.0 nm
 0  0 -1      146.9 nm
 0  0  1      146.9 nm
 0  1  0       92.0 nm
 1  0  0       83.3 nm

9
-1  0  0       76.6 nm
 0 -1  0       96.9 nm
 0  0 -1      140.1 nm
 0  0  1      140.1 nm
 0  1  0       96.9 nm
 1  0  0       76.6 nm

10
-1  0  0       69.8 nm
 0 -1  0       98.3 nm
 0  0 -1      134.9 nm
 0  0  1      134.9 nm
 0  1  0       98.3 nm
 1  0  0       69.8 nm

11
-1  0  0       63.0 nm
 0 -1  0       92.0 nm
 0  0 -1      134.5 nm
 0  0  1      134.5 nm
 0  1  0       92.0 nm
 1  0  0       63.0 nm

12
-1  0  0       58.8 nm
 0 -1  0       86.1 nm
 0  0 -1      139.6 nm
 0  0  1      139.6 nm
 0  1  0       86.1 nm
 1  0  0       58.8 nm

13
-1  0  0       56.7 nm
 0 -1  0       80.1 nm
 0  0 -1      148.2 nm
 0  0  1      148.2 nm
 0  1  0       80.1 nm
 1  0  0       56.7 nm

14
-1  0  0       54.9 nm
 0 -1  0       76.2 nm
 0  0 -1      154.2 nm
 0  0  1      154.2 nm
 0  1  0       76.2 nm
 1  0  0       54.9 nm

15
-1  0  0       53.7 nm
 0 -1  0       74.2 nm
 0  0 -1      156.7 nm
 0  0  1      156.7 nm
 0  1  0       74.2 nm
 1  0  0       53.7 nm

16
-1  0  0       54.0 nm
 0 -1  0       73.6 nm
 0  0 -1      157.5 nm
 0  0  1      157.5 nm
 0  1  0       73.6 nm
 1  0  0       54.0 nm

17
-1  0  0       57.0 nm
 0 -1  0       71.3 nm
 0  0 -1      155.6 nm
 0  0  1      155.6 nm
 0  1  0       71.3 nm
 1  0  0       57.0 nm

18
-1  0  0       58.7 nm
 0 -1  0       70.3 nm
 0  0 -1      152.2 nm
 0  0  1      152.2 nm
 0  1  0       70.3 nm
 1  0  0       58.7 nm

19
-1  0  0       57.7 nm
 0 -1  0       70.3 nm
 0  0 -1      150.9 nm
 0  0  1      150.9 nm
 0  1  0       70.3 nm
 1  0  0       57.7 nm

20
-1  0  0       59.0 nm
 0 -1  0       71.3 nm
 0  0 -1      145.7 nm
 0  0  1      145.7 nm
 0  1  0       71.3 nm
 1  0  0       59.0 nm

21
-1  0  0       60.1 nm
 0 -1  0       70.7 nm
 0  0 -1      143.0 nm
 0  0  1      143.0 nm
 0  1  0       70.7 nm
 1  0  0       60.1 nm

22
-1  0  0       62.8 nm
 0 -1  0       70.7 nm
 0  0 -1      139.3 nm
 0  0  1      139.3 nm
 0  1  0       70.7 nm
 1  0  0       62.8 nm

23
-1  0  0       63.0 nm
 0 -1  0       72.3 nm
 0  0 -1      136.5 nm
 0  0  1      136.5 nm
 0  1  0       72.3 nm
 1  0  0       63.0 nm

24
-1  0  0       62.0 nm
 0 -1  0       72.6 nm
 0  0 -1      134.5 nm
 0  0  1      134.5 nm
 0  1  0       72.6 nm
 1  0  0       62.0 nm

25
-1  0  0       64.7 nm
 0 -1  0       72.3 nm
 0  0 -1      133.2 nm
 0  0  1      133.2 nm
 0  1  0       72.3 nm
 1  0  0       64.7 nm

26
-1  0  0       64.8 nm
 0 -1  0       73.2 nm
 0  0 -1      130.5 nm
 0  0  1      130.5 nm
 0  1  0       73.2 nm
 1  0  0       64.8 nm

27
-1  0  0       65.8 nm
 0 -1  0       72.6 nm
 0  0 -1      130.6 nm
 0  0  1      130.6 nm
 0  1  0       72.6 nm
 1  0  0       65.8 nm

28
-1  0  0       65.8 nm
 0 -1  0       72.3 nm
 0  0 -1      128.6 nm
 0  0  1      128.6 nm
 0  1  0       72.3 nm
 1  0  0       65.8 nm

29
-1  0  0       64.0 nm
 0 -1  0       74.2 nm
 0  0 -1      128.8 nm
 0  0  1      128.8 nm
 0  1  0       74.2 nm
 1  0  0       64.0 nm

30
-1  0  0       66.0 nm
 0 -1  0       73.2 nm
 0  0 -1      128.0 nm
 0  0  1      128.0 nm
 0  1  0       73.2 nm
 1  0  0       66.0 nm

31
-1  0  0       66.1 nm
 0 -1  0       74.6 nm
 0  0 -1      126.6 nm
 0  0  1      126.6 nm
 0  1  0       74.6 nm
 1  0  0       66.1 nm

32
-1  0  0       66.0 nm
 0 -1  0       74.2 nm
 0  0 -1      128.0 nm
 0  0  1      128.0 nm
 0  1  0       74.2 nm
 1  0  0       66.0 nm

33
-1  0  0       65.8 nm
 0 -1  0       75.2 nm
 0  0 -1      126.6 nm
 0  0  1      126.6 nm
 0  1  0       75.2 nm
 1  0  0       65.8 nm

34
-1  0  0       66.8 nm
 0 -1  0       75.2 nm
 0  0 -1      127.9 nm
 0  0  1      127.9 nm
 0  1  0       75.2 nm
 1  0  0       66.8 nm

35
-1  0  0       65.8 nm
 0 -1  0       74.2 nm
 0  0 -1      128.0 nm
 0  0  1      128.0 nm
 0  1  0       74.2 nm
 1  0  0       65.8 nm

36
-1  0  0       66.0 nm
 0 -1  0       74.2 nm
 0  0 -1      128.6 nm
 0  0  1      128.6 nm
 0  1  0       74.2 nm
 1  0  0       66.0 nm

37
-1  0  0       68.0 nm
 0 -1  0       73.6 nm
 0  0 -1      128.6 nm
 0  0  1      128.6 nm
 0  1  0       73.6 nm
 1  0  0       68.0 nm

38
-1  0  0       66.0 nm
 0 -1  0       75.2 nm
 0  0 -1      128.0 nm
 0  0  1      128.0 nm
 0  1  0       75.2 nm
 1  0  0       66.0 nm

39
-1  0  0       68.0 nm
 0 -1  0       74.2 nm
 0  0 -1      128.1 nm
 0  0  1      128.1 nm
 0  1  0       74.2 nm
 1  0  0       68.0 nm

