0
-1  0  0       62.7 nm
 0 -1  0      248.3 nm
 0  0 -1       79.1 nm
 0  0  1       79.1 nm
 0  1  0      248.3 nm
 1  0  0       62.7 nm

1
-1  0  0       61.7 nm
 0 -1  0      246.1 nm
 0  0 -1       76.4 nm
 0  0  1       76.4 nm
 0  1  0      246.1 nm
 1  0  0       61.7 nm

2
-1  0  0       68.3 nm
 0 -1  0      202.3 nm
 0  0 -1       82.8 nm
 0  0  1       82.8 nm
 0  1  0      202.3 nm
 1  0  0       68.3 nm

3
-1  0  0       73.8 nm
 0 -1  0      165.2 nm
 0  0 -1       88.7 nm
 0  0  1       88.7 nm
 0  1  0      165.2 nm
 1  0  0       73.8 nm

4
-1  0  0       84.7 nm
 0 -1  0      121.4 nm
 0  0 -1       98.1 nm
 0  0  1       98.1 nm
 0  1  0      121.4 nm
 1  0  0       84.7 nm

5
-1  0  0       89.3 nm
 0 -1  0       98.9 nm
 0  0 -1      108.0 nm
 0  0  1      108.0 nm
 0  1  0       98.9 nm
 1  0  0       89.3 nm

6
-1  0  0       90.0 nm
 0 -1  0       86.3 nm
 0  0 -1      117.9 nm
 0  0  1      117.9 nm
 0  1  0       86.3 nm
 1  0  0       90.0 nm

7
-1  0  0       90.9 nm
 0 -1  0       81.3 nm
 0  0 -1      119.8 nm
 0  0  1      119.8 nm
 0  1  0       81.3 nm
 1  0  0       90.9 nm

8
-1  0  0       89.5 nm
 0 -1  0       79.9 nm
 0  0 -1      121.7 nm
 0  0  1      121.7 nm
 0  1  0       79.9 nm
 1  0  0       89.5 nm

9
-1  0  0       88.5 nm
 0 -1  0       78.0 nm
 0  0 -1      124.4 nm
 0  0  1      124.4 nm
 0  1  0       78.0 nm
 1  0  0       88.5 nm

10
-1  0  0       87.8 nm
 0 -1  0       76.0 nm
 0  0 -1      126.4 nm
 0  0  1      126.4 nm
 0  1  0       76.0 nm
 1  0  0       87.8 nm

11
-1  0  0       87.2 nm
 0 -1  0       75.0 nm
 0  0 -1      125.7 nm
 0  0  1      125.7 nm
 0  1  0       75.0 nm
 1  0  0       87.2 nm

12
-1  0  0       87.8 nm
 0 -1  0       71.7 nm
 0  0 -1      130.8 nm
 0  0  1      130.8 nm
 0  1  0       71.7 nm
 1  0  0       87.8 nm

13
-1  0  0       87.8 nm
 0 -1  0       68.7 nm
 0  0 -1      132.3 nm
 0  0  1      132.3 nm
 0  1  0       68.7 nm
 1  0  0       87.8 nm

14
-1  0  0       89.5 nm
 0 -1  0       68.1 nm
 0  0 -1      133.0 nm
 0  0  1      133.0 nm
 0  1  0       68.1 nm
 1  0  0       89.5 nm

15
-1  0  0       91.5 nm
 0 -1  0       65.1 nm
 0  0 -1      134.7 nm
 0  0  1      134.7 nm
 0  1  0       65.1 nm
 1  0  0       91.5 nm

16
-1  0  0       94.9 nm
 0 -1  0       62.2 nm
 0  0 -1      136.9 nm
 0  0  1      136.9 nm
 0  1  0       62.2 nm
 1  0  0       94.9 nm

17
-1  0  0       94.9 nm
 0 -1  0       61.6 nm
 0  0 -1      138.2 nm
 0  0  1      138.2 nm
 0  1  0       61.6 nm
 1  0  0       94.9 nm

18
-1  0  0       93.9 nm
 0 -1  0       61.2 nm
 0  0 -1      140.9 nm
 0  0  1      140.9 nm
 0  1  0       61.2 nm
 1  0  0       93.9 nm

19
-1  0  0       95.5 nm
 0 -1  0       60.2 nm
 0  0 -1      142.9 nm
 0  0  1      142.9 nm
 0  1  0       60.2 nm
 1  0  0       95.5 nm

20
-1  0  0       96.9 nm
 0 -1  0       57.2 nm
 0  0 -1      144.8 nm
 0  0  1      144.8 nm
 0  1  0       57.2 nm
 1  0  0       96.9 nm

21
-1  0  0       95.5 nm
 0 -1  0       58.2 nm
 0  0 -1      144.1 nm
 0  0  1      144.1 nm
 0  1  0       58.2 nm
 1  0  0       95.5 nm

22
-1  0  0       99.4 nm
 0 -1  0       57.2 nm
 0  0 -1      145.2 nm
 0  0  1      145.2 nm
 0  1  0       57.2 nm
 1  0  0       99.4 nm

23
-1  0  0      100.9 nm
 0 -1  0       55.9 nm
 0  0 -1      146.1 nm
 0  0  1      146.1 nm
 0  1  0       55.9 nm
 1  0  0      100.9 nm

24
-1  0  0      102.5 nm
 0 -1  0       55.3 nm
 0  0 -1      147.4 nm
 0  0  1      147.4 nm
 0  1  0       55.3 nm
 1  0  0      102.5 nm

25
-1  0  0      100.5 nm
 0 -1  0       55.3 nm
 0  0 -1      146.8 nm
 0  0  1      146.8 nm
 0  1  0       55.3 nm
 1  0  0      100.5 nm

26
-1  0  0      101.5 nm
 0 -1  0       56.6 nm
 0  0 -1      147.3 nm
 0  0  1      147.3 nm
 0  1  0       56.6 nm
 1  0  0      101.5 nm

27
-1  0  0      102.9 nm
 0 -1  0       55.9 nm
 0  0 -1      146.1 nm
 0  0  1      146.1 nm
 0  1  0       55.9 nm
 1  0  0      102.9 nm

28
-1  0  0      100.5 nm
 0 -1  0       56.3 nm
 0  0 -1      149.3 nm
 0  0  1      149.3 nm
 0  1  0       56.3 nm
 1  0  0      100.5 nm

29
-1  0  0      104.6 nm
 0 -1  0       55.3 nm
 0  0 -1      148.7 nm
 0  0  1      148.7 nm
 0  1  0       55.3 nm
 1  0  0      104.6 nm

30
-1  0  0      103.6 nm
 0 -1  0       56.3 nm
 0  0 -1      147.4 nm
 0  0  1      147.4 nm
 0  1  0       56.3 nm
 1  0  0      103.6 nm

31
-1  0  0      102.3 nm
 0 -1  0       54.3 nm
 0  0 -1      150.7 nm
 0  0  1      150.7 nm
 0  1  0       54.3 nm
 1  0  0      102.3 nm

32
-1  0  0      104.6 nm
 0 -1  0       54.3 nm
 0  0 -1      149.8 nm
 0  0  1      149.8 nm
 0  1  0       54.3 nm
 1  0  0      104.6 nm

33
-1  0  0      102.3 nm
 0 -1  0       56.3 nm
 0  0 -1      149.8 nm
 0  0  1      149.8 nm
 0  1  0       56.3 nm
 1  0  0      102.3 nm

34
-1  0  0      105.6 nm
 0 -1  0       54.9 nm
 0  0 -1      151.3 nm
 0  0  1      151.3 nm
 0  1  0       54.9 nm
 1  0  0      105.6 nm

35
-1  0  0      105.6 nm
 0 -1  0       54.3 nm
 0  0 -1      150.7 nm
 0  0  1      150.7 nm
 0  1  0       54.3 nm
 1  0  0      105.6 nm

36
-1  0  0      106.8 nm
 0 -1  0       55.3 nm
 0  0 -1      148.1 nm
 0  0  1      148.1 nm
 0  1  0       55.3 nm
 1  0  0      106.8 nm

37
-1  0  0      103.6 nm
 0 -1  0       56.3 nm
 0  0 -1      149.8 nm
 0  0  1      149.8 nm
 0  1  0       56.3 nm
 1  0  0      103.6 nm

38
-1  0  0      103.9 nm
 0 -1  0       54.3 nm
 0  0 -1      150.5 nm
 0  0  1      150.5 nm
 0  1  0       54.3 nm
 1  0  0      103.9 nm

39
-1  0  0      106.6 nm
 0 -1  0       55.3 nm
 0  0 -1      149.2 nm
 0  0  1      149.2 nm
 0  1  0       55.3 nm
 1  0  0      106.6 nm

