0
-1  0  0       70.4 nm
 0 -1  0      187.1 nm
 0  0 -1       79.1 nm
 0  0  1       79.1 nm
 0  1  0      187.1 nm
 1  0  0       70.4 nm

1
-1  0  0       70.8 nm
 0 -1  0      183.6 nm
 0  0 -1       80.4 nm
 0  0  1       80.4 nm
 0  1  0      183.6 nm
 1  0  0       70.8 nm

2
-1  0  0       73.1 nm
 0 -1  0      176.9 nm
 0  0 -1       82.7 nm
 0  0  1       82.7 nm
 0  1  0      176.9 nm
 1  0  0       73.1 nm

3
-1  0  0       79.8 nm
 0 -1  0      153.8 nm
 0  0 -1       87.2 nm
 0  0  1       87.2 nm
 0  1  0      153.8 nm
 1  0  0       79.8 nm

4
-1  0  0       85.8 nm
 0 -1  0      119.4 nm
 0  0 -1       96.8 nm
 0  0  1       96.8 nm
 0  1  0      119.4 nm
 1  0  0       85.8 nm

5
-1  0  0       89.5 nm
 0 -1  0      100.7 nm
 0  0 -1      103.4 nm
 0  0  1      103.4 nm
 0  1  0      100.7 nm
 1  0  0       89.5 nm

6
-1  0  0       91.9 nm
 0 -1  0       86.5 nm
 0  0 -1      112.6 nm
 0  0  1      112.6 nm
 0  1  0       86.5 nm
 1  0  0       91.9 nm

7
-1  0  0       91.9 nm
 0 -1  0       82.7 nm
 0  0 -1      115.0 nm
 0  0  1      115.0 nm
 0  1  0       82.7 nm
 1  0  0       91.9 nm

8
-1  0  0       92.5 nm
 0 -1  0       80.9 nm
 0  0 -1      118.3 nm
 0  0  1      118.3 nm
 0  1  0       80.9 nm
 1  0  0       92.5 nm

9
-1  0  0       90.9 nm
 0 -1  0       77.6 nm
 0  0 -1      119.8 nm
 0  0  1      119.8 nm
 0  1  0       77.6 nm
 1  0  0       90.9 nm

10
-1  0  0       89.4 nm
 0 -1  0       76.6 nm
 0  0 -1      121.1 nm
 0  0  1      121.1 nm
 0  1  0       76.6 nm
 1  0  0       89.4 nm

11
-1  0  0       88.8 nm
 0 -1  0       74.0 nm
 0  0 -1      122.5 nm
 0  0  1      122.5 nm
 0  1  0       74.0 nm
 1  0  0       88.8 nm

12
-1  0  0       90.5 nm
 0 -1  0       71.1 nm
 0  0 -1      124.4 nm
 0  0  1      124.4 nm
 0  1  0       71.1 nm
 1  0  0       90.5 nm

13
-1  0  0       91.9 nm
 0 -1  0       68.1 nm
 0  0 -1      126.2 nm
 0  0  1      126.2 nm
 0  1  0       68.1 nm
 1  0  0       91.9 nm

14
-1  0  0       91.4 nm
 0 -1  0       68.1 nm
 0  0 -1      127.5 nm
 0  0  1      127.5 nm
 0  1  0       68.1 nm
 1  0  0       91.4 nm

15
-1  0  0       91.9 nm
 0 -1  0       65.1 nm
 0  0 -1      130.3 nm
 0  0  1      130.3 nm
 0  1  0       65.1 nm
 1  0  0       91.9 nm

16
-1  0  0       94.9 nm
 0 -1  0       63.2 nm
 0  0 -1      133.5 nm
 0  0  1      133.5 nm
 0  1  0       63.2 nm
 1  0  0       94.9 nm

17
-1  0  0       95.8 nm
 0 -1  0       61.6 nm
 0  0 -1      132.5 nm
 0  0  1      132.5 nm
 0  1  0       61.6 nm
 1  0  0       95.8 nm

18
-1  0  0       96.5 nm
 0 -1  0       59.8 nm
 0  0 -1      136.0 nm
 0  0  1      136.0 nm
 0  1  0       59.8 nm
 1  0  0       96.5 nm

19
-1  0  0       98.8 nm
 0 -1  0       58.2 nm
 0  0 -1      135.7 nm
 0  0  1      135.7 nm
 0  1  0       58.2 nm
 1  0  0       98.8 nm

20
-1  0  0       98.5 nm
 0 -1  0       58.2 nm
 0  0 -1      138.9 nm
 0  0  1      138.9 nm
 0  1  0       58.2 nm
 1  0  0       98.5 nm

21
-1  0  0      100.3 nm
 0 -1  0       57.2 nm
 0  0 -1      139.3 nm
 0  0  1      139.3 nm
 0  1  0       57.2 nm
 1  0  0      100.3 nm

22
-1  0  0      100.3 nm
 0 -1  0       57.2 nm
 0  0 -1      140.9 nm
 0  0  1      140.9 nm
 0  1  0       57.2 nm
 1  0  0      100.3 nm

23
-1  0  0      100.9 nm
 0 -1  0       55.3 nm
 0  0 -1      141.5 nm
 0  0  1      141.5 nm
 0  1  0       55.3 nm
 1  0  0      100.9 nm

24
-1  0  0      102.5 nm
 0 -1  0       55.9 nm
 0  0 -1      140.2 nm
 0  0  1      140.2 nm
 0  1  0       55.9 nm
 1  0  0      102.5 nm

25
-1  0  0      101.9 nm
 0 -1  0       56.6 nm
 0  0 -1      141.5 nm
 0  0  1      141.5 nm
 0  1  0       56.6 nm
 1  0  0      101.9 nm

26
-1  0  0      101.8 nm
 0 -1  0       55.7 nm
 0  0 -1      142.8 nm
 0  0  1      142.8 nm
 0  1  0       55.7 nm
 1  0  0      101.8 nm

27
-1  0  0      102.9 nm
 0 -1  0       57.2 nm
 0  0 -1      142.1 nm
 0  0  1      142.1 nm
 0  1  0       57.2 nm
 1  0  0      102.9 nm

28
-1  0  0      104.8 nm
 0 -1  0       55.9 nm
 0  0 -1      143.5 nm
 0  0  1      143.5 nm
 0  1  0       55.9 nm
 1  0  0      104.8 nm

29
-1  0  0      104.9 nm
 0 -1  0       54.9 nm
 0  0 -1      144.1 nm
 0  0  1      144.1 nm
 0  1  0       54.9 nm
 1  0  0      104.9 nm

30
-1  0  0      103.9 nm
 0 -1  0       56.3 nm
 0  0 -1      142.2 nm
 0  0  1      142.2 nm
 0  1  0       56.3 nm
 1  0  0      103.9 nm

31
-1  0  0      103.6 nm
 0 -1  0       56.3 nm
 0  0 -1      142.6 nm
 0  0  1      142.6 nm
 0  1  0       56.3 nm
 1  0  0      103.6 nm

32
-1  0  0      105.6 nm
 0 -1  0       54.9 nm
 0  0 -1      144.1 nm
 0  0  1      144.1 nm
 0  1  0       54.9 nm
 1  0  0      105.6 nm

33
-1  0  0      104.9 nm
 0 -1  0       55.3 nm
 0  0 -1      142.2 nm
 0  0  1      142.2 nm
 0  1  0       55.3 nm
 1  0  0      104.9 nm

34
-1  0  0      106.3 nm
 0 -1  0       54.3 nm
 0  0 -1      144.8 nm
 0  0  1      144.8 nm
 0  1  0       54.3 nm
 1  0  0      106.3 nm

35
-1  0  0      105.6 nm
 0 -1  0       55.9 nm
 0  0 -1      143.4 nm
 0  0  1      143.4 nm
 0  1  0       55.9 nm
 1  0  0      105.6 nm

36
-1  0  0      105.9 nm
 0 -1  0       55.7 nm
 0  0 -1      145.5 nm
 0  0  1      145.5 nm
 0  1  0       55.7 nm
 1  0  0      105.9 nm

37
-1  0  0      107.1 nm
 0 -1  0       56.3 nm
 0  0 -1      142.2 nm
 0  0  1      142.2 nm
 0  1  0       56.3 nm
 1  0  0      107.1 nm

38
-1  0  0      106.6 nm
 0 -1  0       56.3 nm
 0  0 -1      143.5 nm
 0  0  1      143.5 nm
 0  1  0       56.3 nm
 1  0  0      106.6 nm

39
-1  0  0      105.9 nm
 0 -1  0       56.3 nm
 0  0 -1      145.9 nm
 0  0  1      145.9 nm
 0  1  0       56.3 nm
 1  0  0      105.9 nm

