0
-1  0  0       76.4 nm
 0 -1  0      154.0 nm
 0  0 -1       82.3 nm
 0  0  1       82.3 nm
 0  1  0      154.0 nm
 1  0  0       76.4 nm

1
-1  0  0       76.8 nm
 0 -1  0      153.0 nm
 0  0 -1       83.0 nm
 0  0  1       83.0 nm
 0  1  0      153.0 nm
 1  0  0       76.8 nm

2
-1  0  0       78.8 nm
 0 -1  0      153.0 nm
 0  0 -1       82.3 nm
 0  0  1       82.3 nm
 0  1  0      153.0 nm
 1  0  0       78.8 nm

3
-1  0  0       84.5 nm
 0 -1  0      135.2 nm
 0  0 -1       87.6 nm
 0  0  1       87.6 nm
 0  1  0      135.2 nm
 1  0  0       84.5 nm

4
-1  0  0       88.8 nm
 0 -1  0      116.8 nm
 0  0 -1       93.5 nm
 0  0  1       93.5 nm
 0  1  0      116.8 nm
 1  0  0       88.8 nm

5
-1  0  0       92.9 nm
 0 -1  0       99.1 nm
 0  0 -1      100.8 nm
 0  0  1      100.8 nm
 0  1  0       99.1 nm
 1  0  0       92.9 nm

6
-1  0  0       94.9 nm
 0 -1  0       88.4 nm
 0  0 -1      106.7 nm
 0  0  1      106.7 nm
 0  1  0       88.4 nm
 1  0  0       94.9 nm

7
-1  0  0       93.2 nm
 0 -1  0       84.9 nm
 0  0 -1      109.9 nm
 0  0  1      109.9 nm
 0  1  0       84.9 nm
 1  0  0       93.2 nm

8
-1  0  0       92.2 nm
 0 -1  0       81.9 nm
 0  0 -1      111.9 nm
 0  0  1      111.9 nm
 0  1  0       81.9 nm
 1  0  0       92.2 nm

9
-1  0  0       90.4 nm
 0 -1  0       79.9 nm
 0  0 -1      113.9 nm
 0  0  1      113.9 nm
 0  1  0       79.9 nm
 1  0  0       90.4 nm

10
-1  0  0       91.9 nm
 0 -1  0       78.4 nm
 0  0 -1      115.2 nm
 0  0  1      115.2 nm
 0  1  0       78.4 nm
 1  0  0       91.9 nm

11
-1  0  0       90.2 nm
 0 -1  0       76.0 nm
 0  0 -1      116.5 nm
 0  0  1      116.5 nm
 0  1  0       76.0 nm
 1  0  0       90.2 nm

12
-1  0  0       91.2 nm
 0 -1  0       73.0 nm
 0  0 -1      118.5 nm
 0  0  1      118.5 nm
 0  1  0       73.0 nm
 1  0  0       91.2 nm

13
-1  0  0       91.9 nm
 0 -1  0       69.7 nm
 0  0 -1      120.5 nm
 0  0  1      120.5 nm
 0  1  0       69.7 nm
 1  0  0       91.9 nm

14
-1  0  0       92.4 nm
 0 -1  0       68.1 nm
 0  0 -1      121.8 nm
 0  0  1      121.8 nm
 0  1  0       68.1 nm
 1  0  0       92.4 nm

15
-1  0  0       93.2 nm
 0 -1  0       67.1 nm
 0  0 -1      124.4 nm
 0  0  1      124.4 nm
 0  1  0       67.1 nm
 1  0  0       93.2 nm

16
-1  0  0       94.9 nm
 0 -1  0       63.2 nm
 0  0 -1      125.7 nm
 0  0  1      125.7 nm
 0  1  0       63.2 nm
 1  0  0       94.9 nm

17
-1  0  0       95.8 nm
 0 -1  0       65.1 nm
 0  0 -1      125.5 nm
 0  0  1      125.5 nm
 0  1  0       65.1 nm
 1  0  0       95.8 nm

18
-1  0  0       97.8 nm
 0 -1  0       61.2 nm
 0  0 -1      127.5 nm
 0  0  1      127.5 nm
 0  1  0       61.2 nm
 1  0  0       97.8 nm

19
-1  0  0       99.2 nm
 0 -1  0       60.8 nm
 0  0 -1      130.8 nm
 0  0  1      130.8 nm
 0  1  0       60.8 nm
 1  0  0       99.2 nm

20
-1  0  0       99.9 nm
 0 -1  0       59.2 nm
 0  0 -1      131.0 nm
 0  0  1      131.0 nm
 0  1  0       59.2 nm
 1  0  0       99.9 nm

21
-1  0  0      100.9 nm
 0 -1  0       58.2 nm
 0  0 -1      131.7 nm
 0  0  1      131.7 nm
 0  1  0       58.2 nm
 1  0  0      100.9 nm

22
-1  0  0       99.9 nm
 0 -1  0       59.6 nm
 0  0 -1      132.3 nm
 0  0  1      132.3 nm
 0  1  0       59.6 nm
 1  0  0       99.9 nm

23
-1  0  0      101.1 nm
 0 -1  0       56.9 nm
 0  0 -1      134.7 nm
 0  0  1      134.7 nm
 0  1  0       56.9 nm
 1  0  0      101.1 nm

24
-1  0  0      102.3 nm
 0 -1  0       57.2 nm
 0  0 -1      134.3 nm
 0  0  1      134.3 nm
 0  1  0       57.2 nm
 1  0  0      102.3 nm

25
-1  0  0      102.9 nm
 0 -1  0       58.2 nm
 0  0 -1      134.3 nm
 0  0  1      134.3 nm
 0  1  0       58.2 nm
 1  0  0      102.9 nm

26
-1  0  0      104.9 nm
 0 -1  0       56.3 nm
 0  0 -1      134.3 nm
 0  0  1      134.3 nm
 0  1  0       56.3 nm
 1  0  0      104.9 nm

27
-1  0  0      104.3 nm
 0 -1  0       57.6 nm
 0  0 -1      134.3 nm
 0  0  1      134.3 nm
 0  1  0       57.6 nm
 1  0  0      104.3 nm

28
-1  0  0      104.9 nm
 0 -1  0       56.8 nm
 0  0 -1      135.4 nm
 0  0  1      135.4 nm
 0  1  0       56.8 nm
 1  0  0      104.9 nm

29
-1  0  0      105.3 nm
 0 -1  0       56.6 nm
 0  0 -1      135.8 nm
 0  0  1      135.8 nm
 0  1  0       56.6 nm
 1  0  0      105.3 nm

30
-1  0  0      105.6 nm
 0 -1  0       56.3 nm
 0  0 -1      136.3 nm
 0  0  1      136.3 nm
 0  1  0       56.3 nm
 1  0  0      105.6 nm

31
-1  0  0      105.3 nm
 0 -1  0       56.9 nm
 0  0 -1      137.6 nm
 0  0  1      137.6 nm
 0  1  0       56.9 nm
 1  0  0      105.3 nm

32
-1  0  0      105.9 nm
 0 -1  0       56.3 nm
 0  0 -1      136.3 nm
 0  0  1      136.3 nm
 0  1  0       56.3 nm
 1  0  0      105.9 nm

33
-1  0  0      108.9 nm
 0 -1  0       55.3 nm
 0  0 -1      137.5 nm
 0  0  1      137.5 nm
 0  1  0       55.3 nm
 1  0  0      108.9 nm

34
-1  0  0      106.3 nm
 0 -1  0       55.3 nm
 0  0 -1      138.2 nm
 0  0  1      138.2 nm
 0  1  0       55.3 nm
 1  0  0      106.3 nm

35
-1  0  0      106.9 nm
 0 -1  0       56.3 nm
 0  0 -1      135.6 nm
 0  0  1      135.6 nm
 0  1  0       56.3 nm
 1  0  0      106.9 nm

36
-1  0  0      108.3 nm
 0 -1  0       56.3 nm
 0  0 -1      138.7 nm
 0  0  1      138.7 nm
 0  1  0       56.3 nm
 1  0  0      108.3 nm

37
-1  0  0      107.3 nm
 0 -1  0       55.3 nm
 0  0 -1      136.7 nm
 0  0  1      136.7 nm
 0  1  0       55.3 nm
 1  0  0      107.3 nm

38
-1  0  0      108.9 nm
 0 -1  0       55.3 nm
 0  0 -1      137.3 nm
 0  0  1      137.3 nm
 0  1  0       55.3 nm
 1  0  0      108.9 nm

39
-1  0  0      108.3 nm
 0 -1  0       56.3 nm
 0  0 -1      136.3 nm
 0  0  1      136.3 nm
 0  1  0       56.3 nm
 1  0  0      108.3 nm

