0
-1  0  0       85.8 nm
 0 -1  0      134.2 nm
 0  0 -1       84.9 nm
 0  0  1       84.9 nm
 0  1  0      134.2 nm
 1  0  0       85.8 nm

1
-1  0  0       85.2 nm
 0 -1  0      131.3 nm
 0  0 -1       85.0 nm
 0  0  1       85.0 nm
 0  1  0      131.3 nm
 1  0  0       85.2 nm

2
-1  0  0       86.2 nm
 0 -1  0      130.3 nm
 0  0 -1       85.3 nm
 0  0  1       85.3 nm
 0  1  0      130.3 nm
 1  0  0       86.2 nm

3
-1  0  0       88.4 nm
 0 -1  0      124.3 nm
 0  0 -1       87.6 nm
 0  0  1       87.6 nm
 0  1  0      124.3 nm
 1  0  0       88.4 nm

4
-1  0  0       94.5 nm
 0 -1  0      108.6 nm
 0  0 -1       94.2 nm
 0  0  1       94.2 nm
 0  1  0      108.6 nm
 1  0  0       94.5 nm

5
-1  0  0       97.9 nm
 0 -1  0       96.3 nm
 0  0 -1       99.2 nm
 0  0  1       99.2 nm
 0  1  0       96.3 nm
 1  0  0       97.9 nm

6
-1  0  0       97.9 nm
 0 -1  0       89.8 nm
 0  0 -1      104.2 nm
 0  0  1      104.2 nm
 0  1  0       89.8 nm
 1  0  0       97.9 nm

7
-1  0  0       97.9 nm
 0 -1  0       84.3 nm
 0  0 -1      107.4 nm
 0  0  1      107.4 nm
 0  1  0       84.3 nm
 1  0  0       97.9 nm

8
-1  0  0       96.2 nm
 0 -1  0       82.9 nm
 0  0 -1      107.8 nm
 0  0  1      107.8 nm
 0  1  0       82.9 nm
 1  0  0       96.2 nm

9
-1  0  0       94.2 nm
 0 -1  0       80.9 nm
 0  0 -1      109.3 nm
 0  0  1      109.3 nm
 0  1  0       80.9 nm
 1  0  0       94.2 nm

10
-1  0  0       94.2 nm
 0 -1  0       78.6 nm
 0  0 -1      110.6 nm
 0  0  1      110.6 nm
 0  1  0       78.6 nm
 1  0  0       94.2 nm

11
-1  0  0       93.1 nm
 0 -1  0       77.0 nm
 0  0 -1      112.4 nm
 0  0  1      112.4 nm
 0  1  0       77.0 nm
 1  0  0       93.1 nm

12
-1  0  0       93.9 nm
 0 -1  0       75.0 nm
 0  0 -1      113.1 nm
 0  0  1      113.1 nm
 0  1  0       75.0 nm
 1  0  0       93.9 nm

13
-1  0  0       93.9 nm
 0 -1  0       71.1 nm
 0  0 -1      115.2 nm
 0  0  1      115.2 nm
 0  1  0       71.1 nm
 1  0  0       93.9 nm

14
-1  0  0       94.9 nm
 0 -1  0       68.7 nm
 0  0 -1      117.9 nm
 0  0  1      117.9 nm
 0  1  0       68.7 nm
 1  0  0       94.9 nm

15
-1  0  0       94.9 nm
 0 -1  0       68.1 nm
 0  0 -1      118.5 nm
 0  0  1      118.5 nm
 0  1  0       68.1 nm
 1  0  0       94.9 nm

16
-1  0  0       95.9 nm
 0 -1  0       67.5 nm
 0  0 -1      118.9 nm
 0  0  1      118.9 nm
 0  1  0       67.5 nm
 1  0  0       95.9 nm

17
-1  0  0       97.5 nm
 0 -1  0       65.1 nm
 0  0 -1      120.5 nm
 0  0  1      120.5 nm
 0  1  0       65.1 nm
 1  0  0       97.5 nm

18
-1  0  0       99.4 nm
 0 -1  0       62.6 nm
 0  0 -1      123.3 nm
 0  0  1      123.3 nm
 0  1  0       62.6 nm
 1  0  0       99.4 nm

19
-1  0  0      100.3 nm
 0 -1  0       61.2 nm
 0  0 -1      124.3 nm
 0  0  1      124.3 nm
 0  1  0       61.2 nm
 1  0  0      100.3 nm

20
-1  0  0      101.3 nm
 0 -1  0       62.2 nm
 0  0 -1      123.0 nm
 0  0  1      123.0 nm
 0  1  0       62.2 nm
 1  0  0      101.3 nm

21
-1  0  0      101.3 nm
 0 -1  0       61.2 nm
 0  0 -1      124.8 nm
 0  0  1      124.8 nm
 0  1  0       61.2 nm
 1  0  0      101.3 nm

22
-1  0  0      102.3 nm
 0 -1  0       59.2 nm
 0  0 -1      126.2 nm
 0  0  1      126.2 nm
 0  1  0       59.2 nm
 1  0  0      102.3 nm

23
-1  0  0      104.3 nm
 0 -1  0       60.2 nm
 0  0 -1      127.1 nm
 0  0  1      127.1 nm
 0  1  0       60.2 nm
 1  0  0      104.3 nm

24
-1  0  0      103.3 nm
 0 -1  0       59.2 nm
 0  0 -1      127.5 nm
 0  0  1      127.5 nm
 0  1  0       59.2 nm
 1  0  0      103.3 nm

25
-1  0  0      106.1 nm
 0 -1  0       58.2 nm
 0  0 -1      128.1 nm
 0  0  1      128.1 nm
 0  1  0       58.2 nm
 1  0  0      106.1 nm

26
-1  0  0      105.5 nm
 0 -1  0       58.6 nm
 0  0 -1      129.4 nm
 0  0  1      129.4 nm
 0  1  0       58.6 nm
 1  0  0      105.5 nm

27
-1  0  0      106.3 nm
 0 -1  0       59.2 nm
 0  0 -1      128.4 nm
 0  0  1      128.4 nm
 0  1  0       59.2 nm
 1  0  0      106.3 nm

28
-1  0  0      106.6 nm
 0 -1  0       58.2 nm
 0  0 -1      129.2 nm
 0  0  1      129.2 nm
 0  1  0       58.2 nm
 1  0  0      106.6 nm

29
-1  0  0      107.3 nm
 0 -1  0       57.2 nm
 0  0 -1      129.4 nm
 0  0  1      129.4 nm
 0  1  0       57.2 nm
 1  0  0      107.3 nm

30
-1  0  0      108.6 nm
 0 -1  0       57.2 nm
 0  0 -1      130.5 nm
 0  0  1      130.5 nm
 0  1  0       57.2 nm
 1  0  0      108.6 nm

31
-1  0  0      108.3 nm
 0 -1  0       57.8 nm
 0  0 -1      128.9 nm
 0  0  1      128.9 nm
 0  1  0       57.8 nm
 1  0  0      108.3 nm

32
-1  0  0      107.9 nm
 0 -1  0       57.2 nm
 0  0 -1      129.4 nm
 0  0  1      129.4 nm
 0  1  0       57.2 nm
 1  0  0      107.9 nm

33
-1  0  0      107.9 nm
 0 -1  0       58.2 nm
 0  0 -1      130.3 nm
 0  0  1      130.3 nm
 0  1  0       58.2 nm
 1  0  0      107.9 nm

34
-1  0  0      109.3 nm
 0 -1  0       58.2 nm
 0  0 -1      129.8 nm
 0  0  1      129.8 nm
 0  1  0       58.2 nm
 1  0  0      109.3 nm

35
-1  0  0      108.6 nm
 0 -1  0       59.2 nm
 0  0 -1      129.8 nm
 0  0  1      129.8 nm
 0  1  0       59.2 nm
 1  0  0      108.6 nm

36
-1  0  0      108.9 nm
 0 -1  0       57.6 nm
 0  0 -1      129.7 nm
 0  0  1      129.7 nm
 0  1  0       57.6 nm
 1  0  0      108.9 nm

37
-1  0  0      108.9 nm
 0 -1  0       57.2 nm
 0  0 -1      131.0 nm
 0  0  1      131.0 nm
 0  1  0       57.2 nm
 1  0  0      108.9 nm

38
-1  0  0      108.3 nm
 0 -1  0       58.6 nm
 0  0 -1      129.4 nm
 0  0  1      129.4 nm
 0  1  0       58.6 nm
 1  0  0      108.3 nm

39
-1  0  0      109.3 nm
 0 -1  0       57.2 nm
 0  0 -1      131.4 nm
 0  0  1      131.4 nm
 0  1  0       57.2 nm
 1  0  0      109.3 nm

