0
-1  0  0       90.5 nm
 0 -1  0      128.3 nm
 0  0 -1       85.6 nm
 0  0  1       85.6 nm
 0  1  0      128.3 nm
 1  0  0       90.5 nm

1
-1  0  0       90.2 nm
 0 -1  0      127.7 nm
 0  0 -1       85.6 nm
 0  0  1       85.6 nm
 0  1  0      127.7 nm
 1  0  0       90.2 nm

2
-1  0  0       90.2 nm
 0 -1  0      123.8 nm
 0  0 -1       87.0 nm
 0  0  1       87.0 nm
 0  1  0      123.8 nm
 1  0  0       90.2 nm

3
-1  0  0       94.9 nm
 0 -1  0      116.3 nm
 0  0 -1       90.3 nm
 0  0  1       90.3 nm
 0  1  0      116.3 nm
 1  0  0       94.9 nm

4
-1  0  0       99.9 nm
 0 -1  0      104.6 nm
 0  0 -1       94.3 nm
 0  0  1       94.3 nm
 0  1  0      104.6 nm
 1  0  0       99.9 nm

5
-1  0  0      103.9 nm
 0 -1  0       94.0 nm
 0  0 -1      100.8 nm
 0  0  1      100.8 nm
 0  1  0       94.0 nm
 1  0  0      103.9 nm

6
-1  0  0      104.3 nm
 0 -1  0       86.5 nm
 0  0 -1      104.7 nm
 0  0  1      104.7 nm
 0  1  0       86.5 nm
 1  0  0      104.3 nm

7
-1  0  0      103.3 nm
 0 -1  0       83.5 nm
 0  0 -1      106.7 nm
 0  0  1      106.7 nm
 0  1  0       83.5 nm
 1  0  0      103.3 nm

8
-1  0  0      101.3 nm
 0 -1  0       81.9 nm
 0  0 -1      108.4 nm
 0  0  1      108.4 nm
 0  1  0       81.9 nm
 1  0  0      101.3 nm

9
-1  0  0      100.3 nm
 0 -1  0       79.0 nm
 0  0 -1      111.0 nm
 0  0  1      111.0 nm
 0  1  0       79.0 nm
 1  0  0      100.3 nm

10
-1  0  0       99.1 nm
 0 -1  0       77.0 nm
 0  0 -1      111.0 nm
 0  0  1      111.0 nm
 0  1  0       77.0 nm
 1  0  0       99.1 nm

11
-1  0  0       98.9 nm
 0 -1  0       75.0 nm
 0  0 -1      110.4 nm
 0  0  1      110.4 nm
 0  1  0       75.0 nm
 1  0  0       98.9 nm

12
-1  0  0       98.1 nm
 0 -1  0       74.0 nm
 0  0 -1      111.0 nm
 0  0  1      111.0 nm
 0  1  0       74.0 nm
 1  0  0       98.1 nm

13
-1  0  0       98.9 nm
 0 -1  0       72.0 nm
 0  0 -1      113.5 nm
 0  0  1      113.5 nm
 0  1  0       72.0 nm
 1  0  0       98.9 nm

14
-1  0  0       98.2 nm
 0 -1  0       70.1 nm
 0  0 -1      114.6 nm
 0  0  1      114.6 nm
 0  1  0       70.1 nm
 1  0  0       98.2 nm

15
-1  0  0      100.3 nm
 0 -1  0       68.1 nm
 0  0 -1      115.2 nm
 0  0  1      115.2 nm
 0  1  0       68.1 nm
 1  0  0      100.3 nm

16
-1  0  0       99.2 nm
 0 -1  0       67.1 nm
 0  0 -1      117.0 nm
 0  0  1      117.0 nm
 0  1  0       67.1 nm
 1  0  0       99.2 nm

17
-1  0  0      100.8 nm
 0 -1  0       65.5 nm
 0  0 -1      117.1 nm
 0  0  1      117.1 nm
 0  1  0       65.5 nm
 1  0  0      100.8 nm

18
-1  0  0      101.3 nm
 0 -1  0       64.7 nm
 0  0 -1      118.2 nm
 0  0  1      118.2 nm
 0  1  0       64.7 nm
 1  0  0      101.3 nm

19
-1  0  0      102.5 nm
 0 -1  0       65.1 nm
 0  0 -1      119.2 nm
 0  0  1      119.2 nm
 0  1  0       65.1 nm
 1  0  0      102.5 nm

20
-1  0  0      103.9 nm
 0 -1  0       64.1 nm
 0  0 -1      119.7 nm
 0  0  1      119.7 nm
 0  1  0       64.1 nm
 1  0  0      103.9 nm

21
-1  0  0      103.3 nm
 0 -1  0       63.2 nm
 0  0 -1      121.7 nm
 0  0  1      121.7 nm
 0  1  0       63.2 nm
 1  0  0      103.3 nm

22
-1  0  0      104.3 nm
 0 -1  0       62.2 nm
 0  0 -1      122.2 nm
 0  0  1      122.2 nm
 0  1  0       62.2 nm
 1  0  0      104.3 nm

23
-1  0  0      105.6 nm
 0 -1  0       61.2 nm
 0  0 -1      122.5 nm
 0  0  1      122.5 nm
 0  1  0       61.2 nm
 1  0  0      105.6 nm

24
-1  0  0      106.8 nm
 0 -1  0       62.2 nm
 0  0 -1      121.8 nm
 0  0  1      121.8 nm
 0  1  0       62.2 nm
 1  0  0      106.8 nm

25
-1  0  0      106.9 nm
 0 -1  0       60.2 nm
 0  0 -1      123.0 nm
 0  0  1      123.0 nm
 0  1  0       60.2 nm
 1  0  0      106.9 nm

26
-1  0  0      107.5 nm
 0 -1  0       60.2 nm
 0  0 -1      124.4 nm
 0  0  1      124.4 nm
 0  1  0       60.2 nm
 1  0  0      107.5 nm

27
-1  0  0      106.9 nm
 0 -1  0       59.2 nm
 0  0 -1      126.3 nm
 0  0  1      126.3 nm
 0  1  0       59.2 nm
 1  0  0      106.9 nm

28
-1  0  0      106.9 nm
 0 -1  0       60.2 nm
 0  0 -1      124.2 nm
 0  0  1      124.2 nm
 0  1  0       60.2 nm
 1  0  0      106.9 nm

29
-1  0  0      108.8 nm
 0 -1  0       60.2 nm
 0  0 -1      126.4 nm
 0  0  1      126.4 nm
 0  1  0       60.2 nm
 1  0  0      108.8 nm

30
-1  0  0      108.9 nm
 0 -1  0       59.2 nm
 0  0 -1      126.4 nm
 0  0  1      126.4 nm
 0  1  0       59.2 nm
 1  0  0      108.9 nm

31
-1  0  0      109.9 nm
 0 -1  0       59.8 nm
 0  0 -1      124.5 nm
 0  0  1      124.5 nm
 0  1  0       59.8 nm
 1  0  0      109.9 nm

32
-1  0  0      109.3 nm
 0 -1  0       60.2 nm
 0  0 -1      124.2 nm
 0  0  1      124.2 nm
 0  1  0       60.2 nm
 1  0  0      109.3 nm

33
-1  0  0      109.9 nm
 0 -1  0       60.2 nm
 0  0 -1      125.5 nm
 0  0  1      125.5 nm
 0  1  0       60.2 nm
 1  0  0      109.9 nm

34
-1  0  0      110.1 nm
 0 -1  0       60.2 nm
 0  0 -1      125.5 nm
 0  0  1      125.5 nm
 0  1  0       60.2 nm
 1  0  0      110.1 nm

35
-1  0  0      111.2 nm
 0 -1  0       59.6 nm
 0  0 -1      126.0 nm
 0  0  1      126.0 nm
 0  1  0       59.6 nm
 1  0  0      111.2 nm

36
-1  0  0      110.3 nm
 0 -1  0       59.8 nm
 0  0 -1      127.1 nm
 0  0  1      127.1 nm
 0  1  0       59.8 nm
 1  0  0      110.3 nm

37
-1  0  0      111.3 nm
 0 -1  0       60.2 nm
 0  0 -1      126.2 nm
 0  0  1      126.2 nm
 0  1  0       60.2 nm
 1  0  0      111.3 nm

38
-1  0  0      111.6 nm
 0 -1  0       60.2 nm
 0  0 -1      125.1 nm
 0  0  1      125.1 nm
 0  1  0       60.2 nm
 1  0  0      111.6 nm

39
-1  0  0      111.9 nm
 0 -1  0       59.8 nm
 0  0 -1      125.7 nm
 0  0  1      125.7 nm
 0  1  0       59.8 nm
 1  0  0      111.9 nm

