0
-1  0  0       92.2 nm
 0 -1  0      126.3 nm
 0  0 -1       88.9 nm
 0  0  1       88.9 nm
 0  1  0      126.3 nm
 1  0  0       92.2 nm

1
-1  0  0       92.8 nm
 0 -1  0      126.7 nm
 0  0 -1       87.6 nm
 0  0  1       87.6 nm
 0  1  0      126.7 nm
 1  0  0       92.8 nm

2
-1  0  0       92.9 nm
 0 -1  0      124.3 nm
 0  0 -1       88.9 nm
 0  0  1       88.9 nm
 0  1  0      124.3 nm
 1  0  0       92.9 nm

3
-1  0  0       95.9 nm
 0 -1  0      116.5 nm
 0  0 -1       91.6 nm
 0  0  1       91.6 nm
 0  1  0      116.5 nm
 1  0  0       95.9 nm

4
-1  0  0      101.9 nm
 0 -1  0      102.6 nm
 0  0 -1       96.7 nm
 0  0  1       96.7 nm
 0  1  0      102.6 nm
 1  0  0      101.9 nm

5
-1  0  0      105.3 nm
 0 -1  0       91.8 nm
 0  0 -1      103.9 nm
 0  0  1      103.9 nm
 0  1  0       91.8 nm
 1  0  0      105.3 nm

6
-1  0  0      106.5 nm
 0 -1  0       82.9 nm
 0  0 -1      108.9 nm
 0  0  1      108.9 nm
 0  1  0       82.9 nm
 1  0  0      106.5 nm

7
-1  0  0      107.6 nm
 0 -1  0       79.6 nm
 0  0 -1      112.0 nm
 0  0  1      112.0 nm
 0  1  0       79.6 nm
 1  0  0      107.6 nm

8
-1  0  0      106.4 nm
 0 -1  0       77.6 nm
 0  0 -1      114.1 nm
 0  0  1      114.1 nm
 0  1  0       77.6 nm
 1  0  0      106.4 nm

9
-1  0  0      104.9 nm
 0 -1  0       77.0 nm
 0  0 -1      114.3 nm
 0  0  1      114.3 nm
 0  1  0       77.0 nm
 1  0  0      104.9 nm

10
-1  0  0      104.4 nm
 0 -1  0       76.0 nm
 0  0 -1      115.5 nm
 0  0  1      115.5 nm
 0  1  0       76.0 nm
 1  0  0      104.4 nm

11
-1  0  0      103.9 nm
 0 -1  0       74.0 nm
 0  0 -1      115.4 nm
 0  0  1      115.4 nm
 0  1  0       74.0 nm
 1  0  0      103.9 nm

12
-1  0  0      103.6 nm
 0 -1  0       72.0 nm
 0  0 -1      116.0 nm
 0  0  1      116.0 nm
 0  1  0       72.0 nm
 1  0  0      103.6 nm

13
-1  0  0      103.9 nm
 0 -1  0       70.7 nm
 0  0 -1      117.3 nm
 0  0  1      117.3 nm
 0  1  0       70.7 nm
 1  0  0      103.9 nm

14
-1  0  0      102.9 nm
 0 -1  0       69.3 nm
 0  0 -1      118.5 nm
 0  0  1      118.5 nm
 0  1  0       69.3 nm
 1  0  0      102.9 nm

15
-1  0  0      103.9 nm
 0 -1  0       67.7 nm
 0  0 -1      117.5 nm
 0  0  1      117.5 nm
 0  1  0       67.7 nm
 1  0  0      103.9 nm

16
-1  0  0      104.3 nm
 0 -1  0       66.7 nm
 0  0 -1      118.6 nm
 0  0  1      118.6 nm
 0  1  0       66.7 nm
 1  0  0      104.3 nm

17
-1  0  0      104.9 nm
 0 -1  0       66.1 nm
 0  0 -1      120.0 nm
 0  0  1      120.0 nm
 0  1  0       66.1 nm
 1  0  0      104.9 nm

18
-1  0  0      105.3 nm
 0 -1  0       64.1 nm
 0  0 -1      120.5 nm
 0  0  1      120.5 nm
 0  1  0       64.1 nm
 1  0  0      105.3 nm

19
-1  0  0      105.6 nm
 0 -1  0       64.1 nm
 0  0 -1      120.8 nm
 0  0  1      120.8 nm
 0  1  0       64.1 nm
 1  0  0      105.6 nm

20
-1  0  0      106.9 nm
 0 -1  0       62.8 nm
 0  0 -1      121.8 nm
 0  0  1      121.8 nm
 0  1  0       62.8 nm
 1  0  0      106.9 nm

21
-1  0  0      105.9 nm
 0 -1  0       63.2 nm
 0  0 -1      121.8 nm
 0  0  1      121.8 nm
 0  1  0       63.2 nm
 1  0  0      105.9 nm

22
-1  0  0      107.3 nm
 0 -1  0       62.2 nm
 0  0 -1      123.1 nm
 0  0  1      123.1 nm
 0  1  0       62.2 nm
 1  0  0      107.3 nm

23
-1  0  0      108.6 nm
 0 -1  0       61.2 nm
 0  0 -1      122.6 nm
 0  0  1      122.6 nm
 0  1  0       61.2 nm
 1  0  0      108.6 nm

24
-1  0  0      108.6 nm
 0 -1  0       60.2 nm
 0  0 -1      124.7 nm
 0  0  1      124.7 nm
 0  1  0       60.2 nm
 1  0  0      108.6 nm

25
-1  0  0      109.9 nm
 0 -1  0       61.6 nm
 0  0 -1      123.0 nm
 0  0  1      123.0 nm
 0  1  0       61.6 nm
 1  0  0      109.9 nm

26
-1  0  0      109.9 nm
 0 -1  0       60.8 nm
 0  0 -1      124.2 nm
 0  0  1      124.2 nm
 0  1  0       60.8 nm
 1  0  0      109.9 nm

27
-1  0  0      109.3 nm
 0 -1  0       62.2 nm
 0  0 -1      124.6 nm
 0  0  1      124.6 nm
 0  1  0       62.2 nm
 1  0  0      109.3 nm

28
-1  0  0      111.6 nm
 0 -1  0       60.2 nm
 0  0 -1      125.9 nm
 0  0  1      125.9 nm
 0  1  0       60.2 nm
 1  0  0      111.6 nm

29
-1  0  0      111.9 nm
 0 -1  0       60.8 nm
 0  0 -1      126.2 nm
 0  0  1      126.2 nm
 0  1  0       60.8 nm
 1  0  0      111.9 nm

30
-1  0  0      111.9 nm
 0 -1  0       60.6 nm
 0  0 -1      127.0 nm
 0  0  1      127.0 nm
 0  1  0       60.6 nm
 1  0  0      111.9 nm

31
-1  0  0      112.5 nm
 0 -1  0       59.8 nm
 0  0 -1      125.8 nm
 0  0  1      125.8 nm
 0  1  0       59.8 nm
 1  0  0      112.5 nm

32
-1  0  0      113.0 nm
 0 -1  0       60.2 nm
 0  0 -1      126.3 nm
 0  0  1      126.3 nm
 0  1  0       60.2 nm
 1  0  0      113.0 nm

33
-1  0  0      111.9 nm
 0 -1  0       61.8 nm
 0  0 -1      127.1 nm
 0  0  1      127.1 nm
 0  1  0       61.8 nm
 1  0  0      111.9 nm

34
-1  0  0      113.6 nm
 0 -1  0       59.8 nm
 0  0 -1      127.3 nm
 0  0  1      127.3 nm
 0  1  0       59.8 nm
 1  0  0      113.6 nm

35
-1  0  0      113.3 nm
 0 -1  0       60.2 nm
 0  0 -1      126.0 nm
 0  0  1      126.0 nm
 0  1  0       60.2 nm
 1  0  0      113.3 nm

36
-1  0  0      112.3 nm
 0 -1  0       60.8 nm
 0  0 -1      127.5 nm
 0  0  1      127.5 nm
 0  1  0       60.8 nm
 1  0  0      112.3 nm

37
-1  0  0      114.0 nm
 0 -1  0       60.6 nm
 0  0 -1      127.0 nm
 0  0  1      127.0 nm
 0  1  0       60.6 nm
 1  0  0      114.0 nm

38
-1  0  0      114.0 nm
 0 -1  0       61.4 nm
 0  0 -1      126.0 nm
 0  0  1      126.0 nm
 0  1  0       61.4 nm
 1  0  0      114.0 nm

39
-1  0  0      115.0 nm
 0 -1  0       61.2 nm
 0  0 -1      127.0 nm
 0  0  1      127.0 nm
 0  1  0       61.2 nm
 1  0  0      115.0 nm

