0
-1  0  0       91.5 nm
 0 -1  0      125.7 nm
 0  0 -1       92.9 nm
 0  0  1       92.9 nm
 0  1  0      125.7 nm
 1  0  0       91.5 nm

1
-1  0  0       92.5 nm
 0 -1  0      123.4 nm
 0  0 -1       92.8 nm
 0  0  1       92.8 nm
 0  1  0      123.4 nm
 1  0  0       92.5 nm

2
-1  0  0       90.2 nm
 0 -1  0      123.4 nm
 0  0 -1       93.5 nm
 0  0  1       93.5 nm
 0  1  0      123.4 nm
 1  0  0       90.2 nm

3
-1  0  0       93.2 nm
 0 -1  0      116.5 nm
 0  0 -1       96.2 nm
 0  0  1       96.2 nm
 0  1  0      116.5 nm
 1  0  0       93.2 nm

4
-1  0  0       97.2 nm
 0 -1  0      105.6 nm
 0  0 -1      100.6 nm
 0  0  1      100.6 nm
 0  1  0      105.6 nm
 1  0  0       97.2 nm

5
-1  0  0      103.9 nm
 0 -1  0       91.0 nm
 0  0 -1      107.4 nm
 0  0  1      107.4 nm
 0  1  0       91.0 nm
 1  0  0      103.9 nm

6
-1  0  0      105.9 nm
 0 -1  0       80.5 nm
 0  0 -1      114.3 nm
 0  0  1      114.3 nm
 0  1  0       80.5 nm
 1  0  0      105.9 nm

7
-1  0  0      107.1 nm
 0 -1  0       76.0 nm
 0  0 -1      120.1 nm
 0  0  1      120.1 nm
 0  1  0       76.0 nm
 1  0  0      107.1 nm

8
-1  0  0      106.9 nm
 0 -1  0       73.6 nm
 0  0 -1      122.2 nm
 0  0  1      122.2 nm
 0  1  0       73.6 nm
 1  0  0      106.9 nm

9
-1  0  0      106.6 nm
 0 -1  0       72.6 nm
 0  0 -1      123.8 nm
 0  0  1      123.8 nm
 0  1  0       72.6 nm
 1  0  0      106.6 nm

10
-1  0  0      107.1 nm
 0 -1  0       71.1 nm
 0  0 -1      125.6 nm
 0  0  1      125.6 nm
 0  1  0       71.1 nm
 1  0  0      107.1 nm

11
-1  0  0      106.5 nm
 0 -1  0       69.7 nm
 0  0 -1      125.4 nm
 0  0  1      125.4 nm
 0  1  0       69.7 nm
 1  0  0      106.5 nm

12
-1  0  0      106.6 nm
 0 -1  0       69.1 nm
 0  0 -1      127.0 nm
 0  0  1      127.0 nm
 0  1  0       69.1 nm
 1  0  0      106.6 nm

13
-1  0  0      106.9 nm
 0 -1  0       67.7 nm
 0  0 -1      126.3 nm
 0  0  1      126.3 nm
 0  1  0       67.7 nm
 1  0  0      106.9 nm

14
-1  0  0      106.8 nm
 0 -1  0       65.7 nm
 0  0 -1      126.0 nm
 0  0  1      126.0 nm
 0  1  0       65.7 nm
 1  0  0      106.8 nm

15
-1  0  0      107.1 nm
 0 -1  0       64.7 nm
 0  0 -1      127.8 nm
 0  0  1      127.8 nm
 0  1  0       64.7 nm
 1  0  0      107.1 nm

16
-1  0  0      107.4 nm
 0 -1  0       63.2 nm
 0  0 -1      128.1 nm
 0  0  1      128.1 nm
 0  1  0       63.2 nm
 1  0  0      107.4 nm

17
-1  0  0      106.6 nm
 0 -1  0       63.2 nm
 0  0 -1      128.1 nm
 0  0  1      128.1 nm
 0  1  0       63.2 nm
 1  0  0      106.6 nm

18
-1  0  0      107.6 nm
 0 -1  0       63.2 nm
 0  0 -1      129.2 nm
 0  0  1      129.2 nm
 0  1  0       63.2 nm
 1  0  0      107.6 nm

19
-1  0  0      107.8 nm
 0 -1  0       61.8 nm
 0  0 -1      129.2 nm
 0  0  1      129.2 nm
 0  1  0       61.8 nm
 1  0  0      107.8 nm

20
-1  0  0      108.5 nm
 0 -1  0       61.8 nm
 0  0 -1      128.8 nm
 0  0  1      128.8 nm
 0  1  0       61.8 nm
 1  0  0      108.5 nm

21
-1  0  0      108.5 nm
 0 -1  0       61.8 nm
 0  0 -1      129.7 nm
 0  0  1      129.7 nm
 0  1  0       61.8 nm
 1  0  0      108.5 nm

22
-1  0  0      108.6 nm
 0 -1  0       61.4 nm
 0  0 -1      130.8 nm
 0  0  1      130.8 nm
 0  1  0       61.4 nm
 1  0  0      108.6 nm

23
-1  0  0      109.2 nm
 0 -1  0       60.8 nm
 0  0 -1      131.1 nm
 0  0  1      131.1 nm
 0  1  0       60.8 nm
 1  0  0      109.2 nm

24
-1  0  0      110.5 nm
 0 -1  0       61.2 nm
 0  0 -1      131.9 nm
 0  0  1      131.9 nm
 0  1  0       61.2 nm
 1  0  0      110.5 nm

25
-1  0  0      110.5 nm
 0 -1  0       60.2 nm
 0  0 -1      131.4 nm
 0  0  1      131.4 nm
 0  1  0       60.2 nm
 1  0  0      110.5 nm

26
-1  0  0      110.6 nm
 0 -1  0       60.8 nm
 0  0 -1      132.9 nm
 0  0  1      132.9 nm
 0  1  0       60.8 nm
 1  0  0      110.6 nm

27
-1  0  0      111.4 nm
 0 -1  0       60.4 nm
 0  0 -1      132.5 nm
 0  0  1      132.5 nm
 0  1  0       60.4 nm
 1  0  0      111.4 nm

28
-1  0  0      110.6 nm
 0 -1  0       60.8 nm
 0  0 -1      133.1 nm
 0  0  1      133.1 nm
 0  1  0       60.8 nm
 1  0  0      110.6 nm

29
-1  0  0      111.2 nm
 0 -1  0       60.8 nm
 0  0 -1      133.4 nm
 0  0  1      133.4 nm
 0  1  0       60.8 nm
 1  0  0      111.2 nm

30
-1  0  0      113.1 nm
 0 -1  0       59.8 nm
 0  0 -1      132.9 nm
 0  0  1      132.9 nm
 0  1  0       59.8 nm
 1  0  0      113.1 nm

31
-1  0  0      112.7 nm
 0 -1  0       59.8 nm
 0  0 -1      134.1 nm
 0  0  1      134.1 nm
 0  1  0       59.8 nm
 1  0  0      112.7 nm

32
-1  0  0      112.5 nm
 0 -1  0       60.8 nm
 0  0 -1      134.4 nm
 0  0  1      134.4 nm
 0  1  0       60.8 nm
 1  0  0      112.5 nm

33
-1  0  0      113.3 nm
 0 -1  0       59.8 nm
 0  0 -1      135.5 nm
 0  0  1      135.5 nm
 0  1  0       59.8 nm
 1  0  0      113.3 nm

34
-1  0  0      113.5 nm
 0 -1  0       60.6 nm
 0  0 -1      134.4 nm
 0  0  1      134.4 nm
 0  1  0       60.6 nm
 1  0  0      113.5 nm

35
-1  0  0      114.5 nm
 0 -1  0       60.8 nm
 0  0 -1      135.6 nm
 0  0  1      135.6 nm
 0  1  0       60.8 nm
 1  0  0      114.5 nm

36
-1  0  0      114.5 nm
 0 -1  0       59.8 nm
 0  0 -1      134.9 nm
 0  0  1      134.9 nm
 0  1  0       59.8 nm
 1  0  0      114.5 nm

37
-1  0  0      114.2 nm
 0 -1  0       60.2 nm
 0  0 -1      134.5 nm
 0  0  1      134.5 nm
 0  1  0       60.2 nm
 1  0  0      114.2 nm

38
-1  0  0      114.6 nm
 0 -1  0       60.8 nm
 0  0 -1      134.6 nm
 0  0  1      134.6 nm
 0  1  0       60.8 nm
 1  0  0      114.6 nm

39
-1  0  0      115.4 nm
 0 -1  0       61.2 nm
 0  0 -1      135.0 nm
 0  0  1      135.0 nm
 0  1  0       61.2 nm
 1  0  0      115.4 nm

